{
  "theta": [
    [
      0.2588957055214724,
      0.12392638036809815,
      0.3815950920245399,
      0.013496932515337425,
      0.22208588957055217
    ],
    [
      0.011764705882352941,
      0.3647058823529412,
      0.6,
      0.011764705882352941,
      0.011764705882352941
    ],
    [
      0.4476190476190476,
      0.41587301587301584,
      0.0031746031746031746,
      0.13015873015873014,
      0.0031746031746031746
    ],
    [
      0.6799999999999999,
      0.013333333333333334,
      0.28,
      0.013333333333333334,
      0.013333333333333334
    ],
    [
      0.003278688524590164,
      0.2983606557377049,
      0.036065573770491806,
      0.19999999999999998,
      0.4622950819672131
    ],
    [
      0.4237885462555066,
      0.15947136563876654,
      0.2916299559471366,
      0.12422907488986784,
      0.000881057268722467
    ],
    [
      0.1852760736196319,
      0.001226993865030675,
      0.6024539877300613,
      0.2098159509202454,
      0.001226993865030675
    ],
    [
      0.7485714285714286,
      0.005714285714285714,
      0.23428571428571426,
      0.005714285714285714,
      0.005714285714285714
    ],
    [
      0.002105263157894737,
      0.40210526315789474,
      0.4231578947368421,
      0.0863157894736842,
      0.0863157894736842
    ],
    [
      0.0019417475728155341,
      0.040776699029126215,
      0.07961165048543689,
      0.7203883495145631,
      0.15728155339805824
    ],
    [
      0.004081632653061225,
      0.24897959183673468,
      0.2897959183673469,
      0.004081632653061225,
      0.4530612244897959
    ],
    [
      0.08148148148148149,
      0.007407407407407408,
      0.7481481481481481,
      0.15555555555555556,
      0.007407407407407408
    ],
    [
      0.19245283018867923,
      0.15471698113207547,
      0.0037735849056603774,
      0.6452830188679246,
      0.0037735849056603774
    ],
    [
      0.4920245398773006,
      0.05030674846625766,
      0.001226993865030675,
      0.34478527607361964,
      0.1116564417177914
    ],
    [
      0.4222222222222223,
      0.027160493827160497,
      0.05185185185185186,
      0.49629629629629635,
      0.0024691358024691358
    ],
    [
      0.009523809523809525,
      0.29523809523809524,
      0.009523809523809525,
      0.2,
      0.48571428571428565
    ],
    [
      0.12941176470588237,
      0.7176470588235294,
      0.12941176470588237,
      0.011764705882352941,
      0.011764705882352941
    ],
    [
      0.3894736842105263,
      0.3192982456140351,
      0.143859649122807,
      0.0035087719298245615,
      0.143859649122807
    ],
    [
      0.006896551724137932,
      0.2827586206896551,
      0.4896551724137931,
      0.14482758620689656,
      0.07586206896551725
    ],
    [
      0.05641025641025642,
      0.05641025641025642,
      0.005128205128205128,
      0.21025641025641023,
      0.6717948717948717
    ],
    [
      0.6705882352941177,
      0.2784313725490196,
      0.00392156862745098,
      0.00392156862745098,
      0.04313725490196079
    ],
    [
      0.0035087719298245615,
      0.24912280701754386,
      0.0035087719298245615,
      0.24912280701754386,
      0.49473684210526314
    ],
    [
      0.015384615384615385,
      0.015384615384615385,
      0.6307692307692307,
      0.015384615384615385,
      0.3230769230769231
    ],
    [
      0.6184615384615385,
      0.003076923076923077,
      0.003076923076923077,
      0.003076923076923077,
      0.3723076923076923
    ],
    [
      0.10933333333333332,
      0.6693333333333333,
      0.002666666666666667,
      0.002666666666666667,
      0.216
    ],
    [
      0.8044444444444445,
      0.0044444444444444444,
      0.1822222222222222,
      0.0044444444444444444,
      0.0044444444444444444
    ],
    [
      0.7070422535211268,
      0.0028169014084507044,
      0.11549295774647886,
      0.0028169014084507044,
      0.17183098591549295
    ],
    [
      0.1169811320754717,
      0.0037735849056603774,
      0.230188679245283,
      0.49433962264150944,
      0.15471698113207547
    ],
    [
      0.008,
      0.008,
      0.008,
      0.248,
      0.728
    ],
    [
      0.4036363636363636,
      0.0036363636363636364,
      0.14909090909090908,
      0.4036363636363636,
      0.04
    ],
    [
      0.007407407407407408,
      0.674074074074074,
      0.007407407407407408,
      0.007407407407407408,
      0.3037037037037037
    ],
    [
      0.9151515151515152,
      0.006060606060606061,
      0.06666666666666667,
      0.006060606060606061,
      0.006060606060606061
    ],
    [
      0.36,
      0.40444444444444444,
      0.0044444444444444444,
      0.0044444444444444444,
      0.22666666666666666
    ],
    [
      0.263768115942029,
      0.2927536231884058,
      0.408695652173913,
      0.002898550724637681,
      0.0318840579710145
    ],
    [
      0.09538461538461539,
      0.18769230769230769,
      0.3723076923076923,
      0.003076923076923077,
      0.3415384615384615
    ],
    [
      0.03492063492063492,
      0.06666666666666667,
      0.06666666666666667,
      0.13015873015873014,
      0.7015873015873016
    ],
    [
      0.0025974025974025974,
      0.1844155844155844,
      0.4701298701298702,
      0.3142857142857143,
      0.028571428571428574
    ],
    [
      0.005405405405405406,
      0.005405405405405406,
      0.27567567567567564,
      0.005405405405405406,
      0.7081081081081081
    ],
    [
      0.006896551724137932,
      0.6275862068965516,
      0.006896551724137932,
      0.006896551724137932,
      0.35172413793103446
    ],
    [
      0.022222222222222223,
      0.4666666666666667,
      0.022222222222222223,
      0.24444444444444446,
      0.24444444444444446
    ],
    [
      0.4980392156862745,
      0.07973856209150326,
      0.3673202614379085,
      0.0013071895424836603,
      0.05359477124183006
    ],
    [
      0.0014814814814814816,
      0.3125925925925926,
      0.10518518518518517,
      0.0014814814814814816,
      0.5792592592592593
    ],
    [
      0.006896551724137932,
      0.21379310344827587,
      0.006896551724137932,
      0.14482758620689656,
      0.6275862068965516
    ],
    [
      0.24521739130434783,
      0.036521739130434785,
      0.21043478260869564,
      0.3147826086956522,
      0.19304347826086957
    ],
    [
      0.006060606060606061,
      0.006060606060606061,
      0.006060606060606061,
      0.7333333333333333,
      0.24848484848484848
    ],
    [
      0.2716417910447761,
      0.09253731343283582,
      0.0029850746268656717,
      0.2417910447761194,
      0.39104477611940297
    ],
    [
      0.13548387096774195,
      0.39354838709677414,
      0.45806451612903226,
      0.0064516129032258064,
      0.0064516129032258064
    ],
    [
      0.005128205128205128,
      0.7230769230769231,
      0.158974358974359,
      0.1076923076923077,
      0.005128205128205128
    ],
    [
      0.002150537634408602,
      0.1096774193548387,
      0.34623655913978496,
      0.002150537634408602,
      0.5397849462365591
    ],
    [
      0.6683760683760684,
      0.0017094017094017094,
      0.0017094017094017094,
      0.07008547008547009,
      0.2581196581196581
    ],
    [
      0.001769911504424779,
      0.19646017699115043,
      0.568141592920354,
      0.03716814159292035,
      0.19646017699115043
    ],
    [
      0.376969696969697,
      0.3527272727272727,
      0.23151515151515153,
      0.013333333333333334,
      0.025454545454545455
    ],
    [
      0.6275862068965516,
      0.006896551724137932,
      0.006896551724137932,
      0.35172413793103446,
      0.006896551724137932
    ],
    [
      0.21379310344827587,
      0.006896551724137932,
      0.4896551724137931,
      0.006896551724137932,
      0.2827586206896551
    ],
    [
      0.0029850746268656717,
      0.0029850746268656717,
      0.33134328358208953,
      0.30149253731343284,
      0.3611940298507463
    ],
    [
      0.011764705882352941,
      0.011764705882352941,
      0.8352941176470587,
      0.12941176470588237,
      0.011764705882352941
    ],
    [
      0.28,
      0.14666666666666667,
      0.5466666666666666,
      0.013333333333333334,
      0.013333333333333334
    ],
    [
      0.6779220779220779,
      0.0025974025974025974,
      0.2883116883116883,
      0.028571428571428574,
      0.0025974025974025974
    ],
    [
      0.431578947368421,
      0.010526315789473684,
      0.11578947368421054,
      0.3263157894736842,
      0.11578947368421054
    ],
    [
      0.49433962264150944,
      0.0037735849056603774,
      0.0037735849056603774,
      0.45660377358490567,
      0.041509433962264156
    ],
    [
      0.010526315789473684,
      0.2210526315789474,
      0.5368421052631579,
      0.11578947368421054,
      0.11578947368421054
    ],
    [
      0.005714285714285714,
      0.005714285714285714,
      0.4057142857142857,
      0.34857142857142853,
      0.23428571428571426
    ],
    [
      0.2623376623376623,
      0.0025974025974025974,
      0.36623376623376624,
      0.0025974025974025974,
      0.36623376623376624
    ],
    [
      0.12941176470588237,
      0.011764705882352941,
      0.3647058823529412,
      0.24705882352941178,
      0.24705882352941178
    ],
    [
      0.0044444444444444444,
      0.1822222222222222,
      0.6711111111111111,
      0.09333333333333334,
      0.04888888888888889
    ],
    [
      0.6504504504504505,
      0.0018018018018018018,
      0.16396396396396395,
      0.0018018018018018018,
      0.18198198198198198
    ],
    [
      0.009523809523809525,
      0.8666666666666666,
      0.10476190476190476,
      0.009523809523809525,
      0.009523809523809525
    ],
    [
      0.4046511627906977,
      0.1255813953488372,
      0.3116279069767442,
      0.1565891472868217,
      0.0015503875968992248
    ],
    [
      0.5984761904761905,
      0.038476190476190476,
      0.14895238095238095,
      0.16038095238095237,
      0.053714285714285714
    ],
    [
      0.16078431372549018,
      0.00392156862745098,
      0.00392156862745098,
      0.6313725490196079,
      0.19999999999999998
    ],
    [
      0.416986301369863,
      0.04986301369863014,
      0.23616438356164385,
      0.21424657534246577,
      0.08273972602739726
    ],
    [
      0.018181818181818184,
      0.018181818181818184,
      0.018181818181818184,
      0.9272727272727272,
      0.018181818181818184
    ],
    [
      0.3297297297297297,
      0.16756756756756758,
      0.16756756756756758,
      0.005405405405405406,
      0.3297297297297297
    ],
    [
      0.002666666666666667,
      0.002666666666666667,
      0.002666666666666667,
      0.34933333333333333,
      0.6426666666666667
    ],
    [
      0.3975308641975309,
      0.0024691358024691358,
      0.027160493827160497,
      0.1259259259259259,
      0.44691358024691363
    ],
    [
      0.4303030303030303,
      0.5515151515151515,
      0.006060606060606061,
      0.006060606060606061,
      0.006060606060606061
    ],
    [
      0.09333333333333334,
      0.5377777777777778,
      0.09333333333333334,
      0.0044444444444444444,
      0.2711111111111111
    ],
    [
      0.1099099099099099,
      0.25405405405405407,
      0.0018018018018018018,
      0.23603603603603604,
      0.39819819819819824
    ],
    [
      0.002061855670103093,
      0.311340206185567,
      0.24948453608247423,
      0.002061855670103093,
      0.4350515463917526
    ],
    [
      0.010526315789473684,
      0.5368421052631579,
      0.3263157894736842,
      0.11578947368421054,
      0.010526315789473684
    ],
    [
      0.1272727272727273,
      0.06666666666666667,
      0.1878787878787879,
      0.006060606060606061,
      0.6121212121212121
    ],
    [
      0.002531645569620253,
      0.7620253164556963,
      0.002531645569620253,
      0.15443037974683543,
      0.07848101265822785
    ],
    [
      0.00392156862745098,
      0.9058823529411765,
      0.00392156862745098,
      0.08235294117647059,
      0.00392156862745098
    ],
    [
      0.004651162790697674,
      0.6558139534883721,
      0.14418604651162792,
      0.004651162790697674,
      0.19069767441860463
    ],
    [
      0.6597014925373135,
      0.06268656716417911,
      0.0029850746268656717,
      0.15223880597014924,
      0.12238805970149252
    ],
    [
      0.19245283018867923,
      0.0037735849056603774,
      0.6075471698113208,
      0.19245283018867923,
      0.0037735849056603774
    ],
    [
      0.27671232876712326,
      0.715068493150685,
      0.0027397260273972603,
      0.0027397260273972603,
      0.0027397260273972603
    ],
    [
      0.011764705882352941,
      0.011764705882352941,
      0.48235294117647054,
      0.3647058823529412,
      0.12941176470588237
    ],
    [
      0.1433070866141732,
      0.2850393700787402,
      0.1905511811023622,
      0.33228346456692914,
      0.048818897637795275
    ],
    [
      0.00425531914893617,
      0.5574468085106383,
      0.00425531914893617,
      0.4297872340425532,
      0.00425531914893617
    ],
    [
      0.003278688524590164,
      0.659016393442623,
      0.003278688524590164,
      0.13442622950819672,
      0.19999999999999998
    ],
    [
      0.9555555555555555,
      0.0013071895424836603,
      0.0013071895424836603,
      0.0013071895424836603,
      0.040522875816993466
    ],
    [
      0.061386138613861385,
      0.0019801980198019802,
      0.14059405940594058,
      0.35841584158415846,
      0.4376237623762377
    ],
    [
      0.004878048780487805,
      0.004878048780487805,
      0.05365853658536586,
      0.15121951219512195,
      0.7853658536585366
    ],
    [
      0.4909090909090909,
      0.1878787878787879,
      0.06666666666666667,
      0.24848484848484848,
      0.006060606060606061
    ],
    [
      0.3975308641975309,
      0.29876543209876544,
      0.22469135802469134,
      0.07654320987654321,
      0.0024691358024691358
    ],
    [
      0.008,
      0.008,
      0.408,
      0.568,
      0.008
    ],
    [
      0.4763636363636364,
      0.0036363636363636364,
      0.5127272727272727,
      0.0036363636363636364,
      0.0036363636363636364
    ],
    [
      0.0035087719298245615,
      0.45964912280701753,
      0.0035087719298245615,
      0.0035087719298245615,
      0.5298245614035088
    ],
    [
      0.010526315789473684,
      0.2210526315789474,
      0.5368421052631579,
      0.2210526315789474,
      0.010526315789473684
    ],
    [
      0.004651162790697674,
      0.7023255813953488,
      0.004651162790697674,
      0.2837209302325581,
      0.004651162790697674
    ],
    [
      0.004878048780487805,
      0.004878048780487805,
      0.3463414634146341,
      0.6390243902439025,
      0.004878048780487805
    ],
    [
      0.0037735849056603774,
      0.0037735849056603774,
      0.6452830188679246,
      0.3433962264150943,
      0.0037735849056603774
    ],
    [
      0.2943820224719101,
      0.18202247191011234,
      0.38426966292134834,
      0.13707865168539324,
      0.0022471910112359553
    ],
    [
      0.36727272727272725,
      0.2581818181818182,
      0.11272727272727273,
      0.0036363636363636364,
      0.2581818181818182
    ],
    [
      0.4026666666666667,
      0.002666666666666667,
      0.296,
      0.08266666666666667,
      0.216
    ],
    [
      0.011764705882352941,
      0.24705882352941178,
      0.011764705882352941,
      0.48235294117647054,
      0.24705882352941178
    ],
    [
      0.3696969696969697,
      0.006060606060606061,
      0.3696969696969697,
      0.006060606060606061,
      0.24848484848484848
    ],
    [
      0.23428571428571426,
      0.52,
      0.005714285714285714,
      0.23428571428571426,
      0.005714285714285714
    ],
    [
      0.25314685314685315,
      0.2391608391608392,
      0.2811188811188811,
      0.015384615384615385,
      0.2111888111888112
    ],
    [
      0.5661971830985916,
      0.0028169014084507044,
      0.36901408450704226,
      0.05915492957746479,
      0.0028169014084507044
    ],
    [
      0.24266666666666667,
      0.296,
      0.296,
      0.16266666666666665,
      0.002666666666666667
    ],
    [
      0.008695652173913044,
      0.1826086956521739,
      0.008695652173913044,
      0.3565217391304348,
      0.4434782608695652
    ],
    [
      0.22696629213483147,
      0.47415730337078654,
      0.1146067415730337,
      0.02471910112359551,
      0.1595505617977528
    ],
    [
      0.8883720930232559,
      0.004651162790697674,
      0.051162790697674425,
      0.051162790697674425,
      0.004651162790697674
    ],
    [
      0.00425531914893617,
      0.17446808510638295,
      0.3872340425531915,
      0.25957446808510637,
      0.17446808510638295
    ],
    [
      0.003076923076923077,
      0.6184615384615385,
      0.003076923076923077,
      0.003076923076923077,
      0.3723076923076923
    ],
    [
      0.003076923076923077,
      0.12615384615384614,
      0.003076923076923077,
      0.21846153846153846,
      0.6492307692307693
    ],
    [
      0.0064516129032258064,
      0.3290322580645161,
      0.13548387096774195,
      0.0064516129032258064,
      0.5225806451612903
    ],
    [
      0.9771428571428572,
      0.005714285714285714,
      0.005714285714285714,
      0.005714285714285714,
      0.005714285714285714
    ],
    [
      0.001869158878504673,
      0.6373831775700934,
      0.24485981308411214,
      0.001869158878504673,
      0.11401869158878504
    ],
    [
      0.0022988505747126436,
      0.5540229885057472,
      0.25517241379310346,
      0.0022988505747126436,
      0.18620689655172412
    ],
    [
      0.0028169014084507044,
      0.08732394366197184,
      0.45352112676056344,
      0.2563380281690141,
      0.19999999999999998
    ],
    [
      0.4496,
      0.09759999999999999,
      0.11359999999999999,
      0.09759999999999999,
      0.24159999999999998
    ],
    [
      0.005405405405405406,
      0.05945945945945946,
      0.4378378378378378,
      0.005405405405405406,
      0.49189189189189186
    ],
    [
      0.7015873015873016,
      0.0031746031746031746,
      0.16190476190476188,
      0.0031746031746031746,
      0.13015873015873014
    ],
    [
      0.8376569037656904,
      0.0008368200836820084,
      0.059414225941422594,
      0.017573221757322177,
      0.08451882845188284
    ],
    [
      0.34857142857142853,
      0.52,
      0.06285714285714286,
      0.06285714285714286,
      0.005714285714285714
    ],
    [
      0.33164556962025316,
      0.23037974683544302,
      0.3822784810126582,
      0.053164556962025315,
      0.002531645569620253
    ],
    [
      0.01139896373056995,
      0.2601036269430052,
      0.06321243523316061,
      0.0010362694300518134,
      0.6642487046632124
    ],
    [
      0.00425531914893617,
      0.3446808510638298,
      0.00425531914893617,
      0.00425531914893617,
      0.6425531914893617
    ],
    [
      0.004651162790697674,
      0.6558139534883721,
      0.3302325581395349,
      0.004651162790697674,
      0.004651162790697674
    ],
    [
      0.0017391304347826088,
      0.5060869565217392,
      0.17565217391304347,
      0.21043478260869564,
      0.10608695652173912
    ],
    [
      0.028571428571428574,
      0.028571428571428574,
      0.028571428571428574,
      0.8857142857142858,
      0.028571428571428574
    ],
    [
      0.07586206896551725,
      0.006896551724137932,
      0.21379310344827587,
      0.006896551724137932,
      0.696551724137931
    ],
    [
      0.0017094017094017094,
      0.24102564102564103,
      0.0017094017094017094,
      0.27521367521367524,
      0.48034188034188036
    ],
    [
      0.0024096385542168677,
      0.2433734939759036,
      0.5084337349397591,
      0.2433734939759036,
      0.0024096385542168677
    ],
    [
      0.3767441860465116,
      0.3302325581395349,
      0.004651162790697674,
      0.051162790697674425,
      0.23720930232558138
    ],
    [
      0.005714285714285714,
      0.06285714285714286,
      0.06285714285714286,
      0.005714285714285714,
      0.8628571428571429
    ],
    [
      0.248,
      0.008,
      0.008,
      0.728,
      0.008
    ],
    [
      0.15826086956521737,
      0.21043478260869564,
      0.26260869565217393,
      0.0017391304347826088,
      0.36695652173913046
    ],
    [
      0.010526315789473684,
      0.010526315789473684,
      0.010526315789473684,
      0.010526315789473684,
      0.9578947368421052
    ],
    [
      0.28,
      0.6799999999999999,
      0.013333333333333334,
      0.013333333333333334,
      0.013333333333333334
    ],
    [
      0.006896551724137932,
      0.07586206896551725,
      0.006896551724137932,
      0.006896551724137932,
      0.903448275862069
    ],
    [
      0.17714285714285716,
      0.06285714285714286,
      0.52,
      0.12000000000000001,
      0.12000000000000001
    ],
    [
      0.8344827586206897,
      0.006896551724137932,
      0.006896551724137932,
      0.006896551724137932,
      0.14482758620689656
    ],
    [
      0.005714285714285714,
      0.12000000000000001,
      0.2914285714285714,
      0.005714285714285714,
      0.5771428571428571
    ],
    [
      0.23937823834196892,
      0.10466321243523316,
      0.2290155440414508,
      0.2290155440414508,
      0.1979274611398964
    ],
    [
      0.022222222222222223,
      0.022222222222222223,
      0.022222222222222223,
      0.24444444444444446,
      0.6888888888888889
    ],
    [
      0.4434782608695652,
      0.008695652173913044,
      0.008695652173913044,
      0.1826086956521739,
      0.3565217391304348
    ],
    [
      0.0022988505747126436,
      0.18620689655172412,
      0.5080459770114942,
      0.0022988505747126436,
      0.30114942528735633
    ],
    [
      0.008695652173913044,
      0.008695652173913044,
      0.008695652173913044,
      0.6173913043478261,
      0.3565217391304348
    ],
    [
      0.010526315789473684,
      0.3263157894736842,
      0.010526315789473684,
      0.3263157894736842,
      0.3263157894736842
    ],
    [
      0.16078431372549018,
      0.2784313725490196,
      0.00392156862745098,
      0.5137254901960784,
      0.04313725490196079
    ],
    [
      0.007407407407407408,
      0.007407407407407408,
      0.3037037037037037,
      0.674074074074074,
      0.007407407407407408
    ],
    [
      0.017054263565891473,
      0.5596899224806202,
      0.23410852713178293,
      0.09457364341085271,
      0.09457364341085271
    ],
    [
      0.408,
      0.008,
      0.568,
      0.008,
      0.008
    ],
    [
      0.011764705882352941,
      0.3647058823529412,
      0.12941176470588237,
      0.011764705882352941,
      0.48235294117647054
    ],
    [
      0.3142857142857143,
      0.4181818181818182,
      0.21038961038961038,
      0.05454545454545455,
      0.0025974025974025974
    ],
    [
      0.0044444444444444444,
      0.5377777777777778,
      0.0044444444444444444,
      0.09333333333333334,
      0.36
    ],
    [
      0.06666666666666667,
      0.7333333333333334,
      0.06666666666666667,
      0.06666666666666667,
      0.06666666666666667
    ],
    [
      0.6711111111111111,
      0.04888888888888889,
      0.0044444444444444444,
      0.2711111111111111,
      0.0044444444444444444
    ],
    [
      0.19238095238095237,
      0.0019047619047619048,
      0.4590476190476191,
      0.34476190476190477,
      0.0019047619047619048
    ],
    [
      0.3696969696969697,
      0.006060606060606061,
      0.6121212121212121,
      0.006060606060606061,
      0.006060606060606061
    ],
    [
      0.008695652173913044,
      0.09565217391304348,
      0.008695652173913044,
      0.8782608695652173,
      0.008695652173913044
    ],
    [
      0.004081632653061225,
      0.8612244897959185,
      0.08571428571428572,
      0.04489795918367347,
      0.004081632653061225
    ],
    [
      0.009523809523809525,
      0.48571428571428565,
      0.3904761904761904,
      0.009523809523809525,
      0.10476190476190476
    ],
    [
      0.09026548672566372,
      0.4442477876106195,
      0.01946902654867257,
      0.16106194690265485,
      0.2849557522123894
    ],
    [
      0.010526315789473684,
      0.010526315789473684,
      0.8526315789473684,
      0.11578947368421054,
      0.010526315789473684
    ],
    [
      0.011764705882352941,
      0.011764705882352941,
      0.24705882352941178,
      0.7176470588235294,
      0.011764705882352941
    ],
    [
      0.4476190476190476,
      0.0031746031746031746,
      0.03492063492063492,
      0.2571428571428571,
      0.2571428571428571
    ],
    [
      0.004878048780487805,
      0.004878048780487805,
      0.4926829268292683,
      0.10243902439024391,
      0.39512195121951216
    ],
    [
      0.52,
      0.005714285714285714,
      0.4057142857142857,
      0.005714285714285714,
      0.06285714285714286
    ],
    [
      0.5858407079646017,
      0.231858407079646,
      0.01946902654867257,
      0.16106194690265485,
      0.001769911504424779
    ],
    [
      0.6275862068965516,
      0.07586206896551725,
      0.21379310344827587,
      0.07586206896551725,
      0.006896551724137932
    ],
    [
      0.006060606060606061,
      0.006060606060606061,
      0.4909090909090909,
      0.06666666666666667,
      0.4303030303030303
    ],
    [
      0.07126436781609195,
      0.37011494252873567,
      0.30114942528735633,
      0.025287356321839084,
      0.232183908045977
    ],
    [
      0.011764705882352941,
      0.011764705882352941,
      0.7176470588235294,
      0.011764705882352941,
      0.24705882352941178
    ],
    [
      0.3325153374233129,
      0.09938650306748466,
      0.24662576687116566,
      0.2711656441717792,
      0.05030674846625766
    ],
    [
      0.03783783783783784,
      0.18198198198198198,
      0.19999999999999998,
      0.019819819819819822,
      0.5603603603603604
    ],
    [
      0.48571428571428565,
      0.48571428571428565,
      0.009523809523809525,
      0.009523809523809525,
      0.009523809523809525
    ],
    [
      0.010526315789473684,
      0.3263157894736842,
      0.010526315789473684,
      0.5368421052631579,
      0.11578947368421054
    ],
    [
      0.5740259740259741,
      0.10649350649350649,
      0.0025974025974025974,
      0.0025974025974025974,
      0.3142857142857143
    ],
    [
      0.39354838709677414,
      0.39354838709677414,
      0.2,
      0.0064516129032258064,
      0.0064516129032258064
    ],
    [
      0.022222222222222223,
      0.24444444444444446,
      0.4666666666666667,
      0.24444444444444446,
      0.022222222222222223
    ],
    [
      0.44390243902439025,
      0.004878048780487805,
      0.2975609756097561,
      0.10243902439024391,
      0.15121951219512195
    ],
    [
      0.568,
      0.008,
      0.008,
      0.408,
      0.008
    ],
    [
      0.004878048780487805,
      0.24878048780487802,
      0.5414634146341464,
      0.19999999999999998,
      0.004878048780487805
    ],
    [
      0.006060606060606061,
      0.9757575757575758,
      0.006060606060606061,
      0.006060606060606061,
      0.006060606060606061
    ],
    [
      0.5325301204819277,
      0.29156626506024097,
      0.09879518072289156,
      0.0024096385542168677,
      0.0746987951807229
    ],
    [
      0.00392156862745098,
      0.7490196078431373,
      0.2392156862745098,
      0.00392156862745098,
      0.00392156862745098
    ],
    [
      0.3647058823529412,
      0.3647058823529412,
      0.24705882352941178,
      0.011764705882352941,
      0.011764705882352941
    ],
    [
      0.022222222222222223,
      0.4666666666666667,
      0.022222222222222223,
      0.4666666666666667,
      0.022222222222222223
    ],
    [
      0.3217391304347826,
      0.002898550724637681,
      0.08985507246376812,
      0.17681159420289855,
      0.408695652173913
    ],
    [
      0.6173913043478261,
      0.008695652173913044,
      0.26956521739130435,
      0.008695652173913044,
      0.09565217391304348
    ],
    [
      0.0035087719298245615,
      0.4245614035087719,
      0.0736842105263158,
      0.3543859649122807,
      0.143859649122807
    ],
    [
      0.008695652173913044,
      0.5304347826086956,
      0.1826086956521739,
      0.008695652173913044,
      0.26956521739130435
    ],
    [
      0.0064516129032258064,
      0.8451612903225806,
      0.13548387096774195,
      0.0064516129032258064,
      0.0064516129032258064
    ],
    [
      0.4008163265306123,
      0.0008163265306122449,
      0.18040816326530612,
      0.20489795918367348,
      0.21306122448979592
    ],
    [
      0.005405405405405406,
      0.3297297297297297,
      0.005405405405405406,
      0.654054054054054,
      0.005405405405405406
    ],
    [
      0.2827586206896551,
      0.006896551724137932,
      0.696551724137931,
      0.006896551724137932,
      0.006896551724137932
    ],
    [
      0.0064516129032258064,
      0.264516129032258,
      0.39354838709677414,
      0.264516129032258,
      0.07096774193548387
    ],
    [
      0.17288135593220338,
      0.10508474576271187,
      0.7152542372881356,
      0.0033898305084745766,
      0.0033898305084745766
    ],
    [
      0.008,
      0.408,
      0.008,
      0.488,
      0.08800000000000001
    ],
    [
      0.003076923076923077,
      0.21846153846153846,
      0.06461538461538462,
      0.003076923076923077,
      0.7107692307692308
    ],
    [
      0.03859649122807018,
      0.03859649122807018,
      0.21403508771929824,
      0.4245614035087719,
      0.28421052631578947
    ],
    [
      0.009523809523809525,
      0.009523809523809525,
      0.009523809523809525,
      0.10476190476190476,
      0.8666666666666666
    ],
    [
      0.4055045871559633,
      0.03853211009174312,
      0.3137614678899083,
      0.20366972477064219,
      0.03853211009174312
    ],
    [
      0.6,
      0.007407407407407408,
      0.22962962962962963,
      0.007407407407407408,
      0.15555555555555556
    ],
    [
      0.0022988505747126436,
      0.14022988505747125,
      0.04827586206896552,
      0.0022988505747126436,
      0.806896551724138
    ],
    [
      0.00425531914893617,
      0.47234042553191485,
      0.04680851063829788,
      0.00425531914893617,
      0.47234042553191485
    ],
    [
      0.2172043010752688,
      0.15268817204301074,
      0.002150537634408602,
      0.6258064516129033,
      0.002150537634408602
    ],
    [
      0.07445255474452554,
      0.16204379562043794,
      0.0014598540145985403,
      0.24963503649635038,
      0.5124087591240876
    ],
    [
      0.7806451612903226,
      0.0064516129032258064,
      0.0064516129032258064,
      0.2,
      0.0064516129032258064
    ],
    [
      0.0031746031746031746,
      0.03492063492063492,
      0.3841269841269841,
      0.22539682539682537,
      0.35238095238095235
    ],
    [
      0.2563380281690141,
      0.36901408450704226,
      0.03098591549295775,
      0.3408450704225352,
      0.0028169014084507044
    ],
    [
      0.9771428571428572,
      0.005714285714285714,
      0.005714285714285714,
      0.005714285714285714,
      0.005714285714285714
    ],
    [
      0.6,
      0.31428571428571433,
      0.028571428571428574,
      0.028571428571428574,
      0.028571428571428574
    ],
    [
      0.24159999999999998,
      0.09759999999999999,
      0.4016,
      0.24159999999999998,
      0.0176
    ],
    [
      0.003278688524590164,
      0.19999999999999998,
      0.49508196721311476,
      0.003278688524590164,
      0.2983606557377049
    ],
    [
      0.2837209302325581,
      0.004651162790697674,
      0.004651162790697674,
      0.7023255813953488,
      0.004651162790697674
    ],
    [
      0.004081632653061225,
      0.16734693877551018,
      0.16734693877551018,
      0.2897959183673469,
      0.37142857142857144
    ],
    [
      0.022680412371134023,
      0.5587628865979382,
      0.1670103092783505,
      0.002061855670103093,
      0.24948453608247423
    ],
    [
      0.008,
      0.488,
      0.32799999999999996,
      0.168,
      0.008
    ],
    [
      0.07096774193548387,
      0.0064516129032258064,
      0.264516129032258,
      0.0064516129032258064,
      0.6516129032258065
    ],
    [
      0.8079999999999999,
      0.008,
      0.168,
      0.008,
      0.008
    ],
    [
      0.004651162790697674,
      0.6093023255813953,
      0.004651162790697674,
      0.004651162790697674,
      0.3767441860465116
    ],
    [
      0.12289156626506023,
      0.7734939759036145,
      0.026506024096385545,
      0.0746987951807229,
      0.0024096385542168677
    ],
    [
      0.17183098591549295,
      0.31267605633802814,
      0.03098591549295775,
      0.48169014084507045,
      0.0028169014084507044
    ],
    [
      0.14947368421052631,
      0.31789473684210523,
      0.2968421052631579,
      0.0863157894736842,
      0.14947368421052631
    ],
    [
      0.13777777777777778,
      0.0044444444444444444,
      0.8488888888888889,
      0.0044444444444444444,
      0.0044444444444444444
    ],
    [
      0.02471910112359551,
      0.18202247191011234,
      0.42921348314606744,
      0.3617977528089888,
      0.0022471910112359553
    ],
    [
      0.010526315789473684,
      0.010526315789473684,
      0.3263157894736842,
      0.431578947368421,
      0.2210526315789474
    ],
    [
      0.013333333333333334,
      0.41333333333333333,
      0.013333333333333334,
      0.5466666666666666,
      0.013333333333333334
    ],
    [
      0.0019801980198019802,
      0.2198019801980198,
      0.10099009900990098,
      0.0019801980198019802,
      0.6752475247524753
    ],
    [
      0.010526315789473684,
      0.5368421052631579,
      0.2210526315789474,
      0.2210526315789474,
      0.010526315789473684
    ],
    [
      0.005714285714285714,
      0.005714285714285714,
      0.5771428571428571,
      0.4057142857142857,
      0.005714285714285714
    ],
    [
      0.0022471910112359553,
      0.18202247191011234,
      0.38426966292134834,
      0.42921348314606744,
      0.0022471910112359553
    ],
    [
      0.2210526315789474,
      0.010526315789473684,
      0.7473684210526316,
      0.010526315789473684,
      0.010526315789473684
    ],
    [
      0.013333333333333334,
      0.013333333333333334,
      0.9466666666666667,
      0.013333333333333334,
      0.013333333333333334
    ],
    [
      0.013333333333333334,
      0.013333333333333334,
      0.14666666666666667,
      0.41333333333333333,
      0.41333333333333333
    ],
    [
      0.6914285714285714,
      0.005714285714285714,
      0.2914285714285714,
      0.005714285714285714,
      0.005714285714285714
    ],
    [
      0.005405405405405406,
      0.005405405405405406,
      0.5459459459459459,
      0.05945945945945946,
      0.38378378378378375
    ],
    [
      0.005714285714285714,
      0.005714285714285714,
      0.6342857142857142,
      0.005714285714285714,
      0.34857142857142853
    ],
    [
      0.010526315789473684,
      0.010526315789473684,
      0.2210526315789474,
      0.6421052631578947,
      0.11578947368421054
    ],
    [
      0.08817204301075268,
      0.13118279569892471,
      0.3247311827956989,
      0.2172043010752688,
      0.23870967741935484
    ],
    [
      0.19999999999999998,
      0.004878048780487805,
      0.15121951219512195,
      0.004878048780487805,
      0.6390243902439025
    ],
    [
      0.232183908045977,
      0.025287356321839084,
      0.6229885057471265,
      0.11724137931034483,
      0.0022988505747126436
    ],
    [
      0.3324137931034483,
      0.19448275862068964,
      0.1393103448275862,
      0.2082758620689655,
      0.12551724137931033
    ],
    [
      0.009523809523809525,
      0.5809523809523809,
      0.009523809523809525,
      0.009523809523809525,
      0.3904761904761904
    ],
    [
      0.027160493827160497,
      0.0024691358024691358,
      0.07654320987654321,
      0.5209876543209877,
      0.3728395061728395
    ],
    [
      0.011764705882352941,
      0.011764705882352941,
      0.9529411764705882,
      0.011764705882352941,
      0.011764705882352941
    ],
    [
      0.2417910447761194,
      0.0029850746268656717,
      0.6000000000000001,
      0.15223880597014924,
      0.0029850746268656717
    ],
    [
      0.015384615384615385,
      0.47692307692307695,
      0.015384615384615385,
      0.3230769230769231,
      0.16923076923076924
    ],
    [
      0.45806451612903226,
      0.0064516129032258064,
      0.13548387096774195,
      0.0064516129032258064,
      0.39354838709677414
    ],
    [
      0.3736434108527132,
      0.0015503875968992248,
      0.2651162790697675,
      0.35813953488372097,
      0.0015503875968992248
    ],
    [
      0.3617977528089888,
      0.5191011235955056,
      0.1146067415730337,
      0.0022471910112359553,
      0.0022471910112359553
    ],
    [
      0.003278688524590164,
      0.36393442622950817,
      0.39672131147540984,
      0.23278688524590163,
      0.003278688524590164
    ],
    [
      0.08936170212765958,
      0.00425531914893617,
      0.6425531914893617,
      0.25957446808510637,
      0.00425531914893617
    ],
    [
      0.582608695652174,
      0.002898550724637681,
      0.002898550724637681,
      0.408695652173913,
      0.002898550724637681
    ],
    [
      0.32682926829268294,
      0.2780487804878049,
      0.391869918699187,
      0.0016260162601626016,
      0.0016260162601626016
    ],
    [
      0.4745098039215686,
      0.00392156862745098,
      0.4745098039215686,
      0.00392156862745098,
      0.04313725490196079
    ],
    [
      0.19999999999999998,
      0.08235294117647059,
      0.00392156862745098,
      0.00392156862745098,
      0.7098039215686275
    ],
    [
      0.68,
      0.09538461538461539,
      0.003076923076923077,
      0.06461538461538462,
      0.15692307692307692
    ],
    [
      0.6421052631578947,
      0.010526315789473684,
      0.11578947368421054,
      0.11578947368421054,
      0.11578947368421054
    ],
    [
      0.006060606060606061,
      0.006060606060606061,
      0.1272727272727273,
      0.1272727272727273,
      0.7333333333333333
    ],
    [
      0.06107784431137724,
      0.26467065868263473,
      0.13293413173652693,
      0.13293413173652693,
      0.40838323353293415
    ],
    [
      0.005128205128205128,
      0.158974358974359,
      0.005128205128205128,
      0.005128205128205128,
      0.8256410256410257
    ],
    [
      0.3611940298507463,
      0.09253731343283582,
      0.4507462686567164,
      0.0029850746268656717,
      0.09253731343283582
    ],
    [
      0.24055299539170508,
      0.3327188940092166,
      0.27741935483870966,
      0.14838709677419357,
      0.0009216589861751152
    ],
    [
      0.12941176470588237,
      0.011764705882352941,
      0.8352941176470587,
      0.011764705882352941,
      0.011764705882352941
    ],
    [
      0.002666666666666667,
      0.456,
      0.42933333333333334,
      0.08266666666666667,
      0.029333333333333336
    ],
    [
      0.004081632653061225,
      0.6163265306122448,
      0.004081632653061225,
      0.16734693877551018,
      0.20816326530612245
    ],
    [
      0.1510204081632653,
      0.3142857142857143,
      0.21904761904761907,
      0.028571428571428574,
      0.2870748299319728
    ],
    [
      0.0033898305084745766,
      0.10508474576271187,
      0.47796610169491527,
      0.0033898305084745766,
      0.4101694915254237
    ],
    [
      0.11549295774647886,
      0.22816901408450704,
      0.17183098591549295,
      0.11549295774647886,
      0.36901408450704226
    ],
    [
      0.5030837004405286,
      0.03612334801762114,
      0.2740088105726872,
