{
  "theta": [
    [
      0.001220987338769225,
      0.0851648989255077,
      0.21909115099285378,
      0.05958713821073889,
      0.42030901800851045,
      0.16591083953063765,
      0.001219828979386097,
      0.001219894494498535,
      0.0012197679360116888,
      0.045056475583085925
    ],
    [
      0.01111690471251804,
      0.01111475400727533,
      0.011118183794888752,
      0.8999556288438512,
      0.011115708001757268,
      0.011114338146717922,
      0.011115346374639828,
      0.01111496374682173,
      0.011118696268083733,
      0.01111547610344616
    ],
    [
      0.047972492275909245,
      0.0031260030225795945,
      0.0031264638885503135,
      0.003125759938842896,
      0.6073713131818259,
      0.1096789738924662,
      0.0031257652678427427,
      0.0031258281558322765,
      0.003125707665794323,
      0.21622169271035666
    ],
    [
      0.012503271624483912,
      0.8874744748871839,
      0.012503959183906021,
      0.012501688097315864,
      0.0125037924806526,
      0.012503672569286198,
      0.012502883009850627,
      0.012503121469266376,
      0.012501964233186384,
      0.012501172444868067
    ],
    [
      0.32055356514513644,
      0.0032264993674880325,
      0.003226847687095629,
      0.0032265170856898497,
      0.003226724969744566,
      0.003226662313082806,
      0.0032265670906921726,
      0.003226882342338429,
      0.5057397501809138,
      0.15111998381781838
    ],
    [
      0.11064709621833058,
      0.3713325542983894,
      0.1637105771303156,
      0.017027627529870776,
      0.09625544287357227,
      0.015418755514398315,
      0.028877829307497216,
      0.08903062809199587,
      0.1068221182782652,
      0.0008773707573647673
    ],
    [
      0.001219918077468806,
      0.07954009715970314,
      0.0012198398024225933,
      0.0012199406842092325,
      0.0012199135992156944,
      0.23597047692807788,
      0.001219803280065596,
      0.44008337639752787,
      0.1465601623204451,
      0.09174647175086399
    ],
    [
      0.005556287008100819,
      0.6800074988332023,
      0.005556184563941652,
      0.27553964449749946,
      0.005557233574129767,
      0.0055561923829210765,
      0.005556599124578072,
      0.005557594231670004,
      0.005556580389623445,
      0.005556185394333476
    ],
    [
      0.0020835982210282984,
      0.04362154764731974,
      0.002083929936207398,
      0.0020836558626352074,
      0.6005912031009096,
      0.00208402474647789,
      0.0020839373305607737,
      0.0020837989231835405,
      0.0020836511730769904,
      0.34120065305860053
    ],
    [
      0.02444279916628825,
      0.00192339364674974,
      0.17139764126950216,
      0.0019234064350566009,
      0.0019233228265954933,
      0.43747830719100006,
      0.3551403870960539,
      0.0019233437444721798,
      0.0019235996790933304,
      0.001923798945188183
    ],
    [
      0.31120096219755267,
      0.004000321309433588,
      0.3755797042210391,
      0.004000980066068497,
      0.004000338432844411,
      0.004000651750012276,
      0.0040015274705580885,
      0.004000650441632314,
      0.004000381850677355,
      0.28521448226018165
    ],
    [
      0.007144122123173746,
      0.00714413990592278,
      0.007144510027391703,
      0.7736931662343312,
      0.1691532910736655,
      0.007144259695643223,
      0.00714385609539784,
      0.007144445532808982,
      0.007144377669287885,
      0.007143831642377236
    ],
    [
      0.003704375178984121,
      0.3113981707780016,
      0.08800928805304595,
      0.003704498380884616,
      0.46807560676975574,
      0.0037048466827585445,
      0.003704522571013742,
      0.0037043523041816475,
      0.003704582521562137,
      0.11028975675981187
    ],
    [
      0.3935190846193121,
      0.15961595569536918,
      0.0012197401131692953,
      0.0012196310784758084,
      0.31356030517297656,
      0.0012197511456234727,
      0.022295361707625576,
      0.0012197557076428095,
      0.10491074899887279,
      0.001219665760932252
    ],
    [
      0.2002194530663204,
      0.14859297929364226,
      0.002439517319080547,
      0.002439520879370285,
      0.1957349681762035,
      0.0024394538166599834,
      0.13841163084485844,
      0.304841596549661,
      0.0024398628237454353,
      0.002441017230458066
    ],
    [
      0.009092034873025751,
      0.009092403463377995,
      0.7807455559058455,
      0.009092205085298195,
      0.009091730129366595,
      0.009092546106612505,
      0.009095678365271719,
      0.1464948410023823,
      0.009101456979239636,
      0.009101548089579768
    ],
    [
      0.011111732559089644,
      0.011113209040786224,
      0.19554319171605666,
      0.011112629427695902,
      0.7155545248146075,
      0.011111789273404215,
      0.01111420710076248,
      0.011114209916332173,
      0.011112407856812688,
      0.011112098294452389
    ],
    [
      0.0034490832013416082,
      0.003449536652804258,
      0.26938151426618495,
      0.0034492093495696683,
      0.0034492915688006604,
      0.22854649336034621,
      0.28203087712101993,
      0.003449421605093972,
      0.1993449853429511,
      0.003449587531887665
    ],
    [
      0.10653113262440328,
      0.0066677986533656,
      0.006668378753492462,
      0.006675782890673174,
      0.8401177784859217,
      0.006667337618546936,
      0.006668627621939813,
      0.006667680524203139,
      0.00666792676292008,
      0.0066675560645336855
    ],
    [
      0.005000847483603195,
      0.005000634972103982,
      0.005001016348093608,
      0.37654032877024596,
      0.005000798057217037,
      0.0050007064997793105,
      0.4705676616624718,
      0.0050052153019530116,
      0.005001064496449505,
      0.11788172640808259
    ],
    [
      0.5707340208774694,
      0.16504240256187272,
      0.0038472599051759754,
      0.003847017740880884,
      0.0038469956100304448,
      0.0038476621162510665,
      0.00384680816349113,
      0.003847239602125359,
      0.0038469595312868635,
      0.23729363389141622
    ],
    [
      0.0034501151779827034,
      0.0034500141646533087,
      0.0034491311636107615,
      0.0034488052428951073,
      0.003449371193997068,
      0.0034486549412710626,
      0.003449352441856514,
      0.6138240036092647,
      0.2457692411542211,
      0.1162613109102477
    ],
    [
      0.01428890233475945,
      0.014287876924918862,
      0.014287946153292302,
      0.014287930701320088,
      0.014289319127706826,
      0.014287076461781538,
      0.014317797172368951,
      0.8713788151445884,
      0.01428764490326629,
      0.01428669107599723
    ],
    [
      0.0030399532444894137,
      0.0030339632914312773,
      0.0030310070948551303,
      0.36975423672265517,
      0.0030311279724607263,
      0.48184237465956686,
      0.04833660146175426,
      0.08186803885781029,
      0.0030318110283783155,
      0.0030308856665987953
    ],
    [
      0.002632296449734998,
      0.002632061916499335,
      0.21887641371369881,
      0.32071191391124937,
      0.002632568748992016,
      0.15562722114941566,
      0.0827141735791857,
      0.11641590115859483,
      0.0026324326645207983,
      0.0951250167081085
    ],
    [
      0.1803213411574103,
      0.46435327030067514,
      0.004348699713534648,
      0.004348698136206773,
      0.3248821821569052,
      0.004348736271099771,
      0.004348810783535808,
      0.004350737674776623,
      0.0043489821201089214,
      0.004348541685746881
    ],
    [
      0.002778468317350256,
      0.21376731647486144,
      0.0027785474062106486,
      0.0027784252278682015,
      0.12872433703233116,
      0.0027785052473378855,
      0.08827050041301207,
      0.45789257199602457,
      0.09745327846398895,
      0.0027780494210148323
    ],
    [
      0.4411273685098231,
      0.0037044201562452766,
      0.08075262735494149,
      0.0037043127174367437,
      0.27921654538591334,
      0.08170591118632735,
      0.0037046075615178773,
      0.0037049988188771607,
      0.0037051383014788317,
      0.0986740700074388
    ],
    [
      0.1820057410055426,
      0.00769516287654156,
      0.007694271989831804,
      0.7564392140686266,
      0.007694728411547962,
      0.007693554487107608,
      0.007694400645747092,
      0.0076952913262378474,
      0.007694215290966667,
      0.007693419897850356
    ],
    [
      0.0035722238346162925,
      0.003572272898671421,
      0.0035722646783262744,
      0.059190159943257735,
      0.0035724402968374,
      0.003572058269651169,
      0.0035719504625404638,
      0.003572508522128983,
      0.9122320397690151,
      0.003572081324955172
    ],
    [
      0.007143639585589841,
      0.0071442793277908265,
      0.007145027197866103,
      0.0071471316036601186,
      0.007146211142700338,
      0.9356946773633915,
      0.007145681956249251,
      0.007143884623112822,
      0.007143979339875423,
      0.007145487859763872
    ],
    [
      0.3098452396673348,
      0.5630135713085042,
      0.005883093539430024,
      0.005883287641723395,
      0.005883520904453982,
      0.005883473094892952,
      0.0058831293594581125,
      0.08595776285987844,
      0.0058837923833754075,
      0.0058831292409487436
    ],
    [
      0.26387815805738174,
      0.00434914671968222,
      0.004348343547074166,
      0.004348616295694647,
      0.004349265297980476,
      0.004348678543029732,
      0.004348323399424874,
      0.6074718767626236,
      0.09820941034905069,
      0.004348181028057781
    ],
    [
      0.0028583737506597704,
      0.2336904748141392,
      0.002857887219241008,
      0.0028578382279921322,
      0.0028579046672198584,
      0.47116153162890734,
      0.0028576585603107317,
      0.0028580090827011522,
      0.002857826358784632,
      0.27514249569004434
    ],
    [
      0.0030306886687834467,
      0.003031084312561203,
      0.003031206690862671,
      0.14508375253660463,
      0.0030316769311681114,
      0.003031300120523627,
      0.3717362887205116,
      0.0030313743378258657,
      0.003030857604904361,
      0.4619617700762545
    ],
    [
      0.003126094115678012,
      0.003125385457294649,
      0.0031256169215177756,
      0.13771459107129067,
      0.0031256110647907742,
      0.0031255710600796094,
      0.08624247878681607,
      0.003125787435914968,
      0.2066068935080114,
      0.550681970578606
    ],
    [
      0.0025645539959209414,
      0.002565339456035314,
      0.894629125283283,
      0.002565207985974402,
      0.0025647301325075777,
      0.08485050222024754,
      0.0025656159541590767,
      0.002565010612980299,
      0.0025654428318463824,
      0.0025644715270456836
    ],
    [
      0.005264482543686383,
      0.005265563600815107,
      0.005264437792977272,
      0.005264611637615233,
      0.005265149521405544,
      0.005265270747251863,
      0.005264259373466562,
      0.005265336335005875,
      0.8048505653124123,
      0.15303032313536397
    ],
    [
      0.0066675001459499264,
      0.006667499851756957,
      0.0066679247904262275,
      0.006668891054462799,
      0.006668447092829768,
      0.00666778588303152,
      0.006668507870535964,
      0.8603942014352496,
      0.006668789025014253,
      0.0862604528507429
    ],
    [
      0.020002788907638798,
      0.020003097738877058,
      0.020001750619767784,
      0.02000647747236622,
      0.020003709155311997,
      0.020002548871585816,
      0.8199667592920782,
      0.020005501867139362,
      0.020003279772060106,
      0.020004086303174556
    ],
    [
      0.0012990935073958335,
      0.47194137394828056,
      0.0012990432037238656,
      0.17481336775479256,
      0.15099218827554348,
      0.037981157403939446,
      0.0012990786626263973,
      0.0012990823322039445,
      0.0630989359562509,
      0.09597667895524288
    ],
    [
      0.0014710066229786664,
      0.0014707424525917177,
      0.1226740055421861,
      0.3469938114208787,
      0.0014709237002969314,
      0.03977625807283646,
      0.1026692927953298,
      0.0014708684680533057,
      0.001503318767217337,
      0.3804997721576309
    ],
    [
      0.006667505020866242,
      0.006667565025497909,
      0.006670443177454298,
      0.006688238471904312,
      0.9399215903160669,
      0.006670067591681068,
      0.006673686111315738,
      0.006671818915376465,
      0.0066786423405413835,
      0.006690443029295778
    ],
    [
      0.02355170896010432,
      0.001724423502666701,
      0.21750311959281018,
      0.31365406561799647,
      0.16375025283343972,
      0.08492624724533462,
      0.001724588143605069,
      0.06050946284112678,
      0.10355361572040152,
      0.029102515542514744
    ],
    [
      0.005884741750851342,
      0.0058839420972284515,
      0.0058845066195838,
      0.005886716186086379,
      0.005884598636300043,
      0.19626752202668038,
      0.00588466482667059,
      0.005884514394850087,
      0.7566529172333405,
      0.005885876228408529
    ],
    [
      0.002941724226283674,
      0.002941657247192244,
      0.0029416594694269536,
      0.00294189243180452,
      0.002941652957265763,
      0.35097207482566617,
      0.002941829213064363,
      0.6254939106396193,
      0.0029416238524268812,
      0.002941975137250127
    ],
    [
      0.006250928300276916,
      0.006250192538169156,
      0.16670769741693578,
      0.0062520795246905165,
      0.00625141809624828,
      0.3322724826004702,
      0.006251558561268067,
      0.0062516764740987,
      0.45725917998707316,
      0.00625278650076923
    ],
    [
      0.47433591372057765,
      0.005000527541687768,
      0.005000694369073325,
      0.06574214487987444,
      0.005000686111544964,
      0.4249163429338105,
      0.005000994987330136,
      0.005000503545848484,
      0.005000629520186119,
      0.005001562390066658
    ],
    [
      0.34505505830753697,
      0.0021282358531913383,
      0.28277943778006687,
      0.00212800480866719,
      0.0021281819100882155,
      0.03945889501632352,
      0.002128033652253501,
      0.002128058962493713,
      0.3199380299331925,
      0.0021280637761860953
    ],
    [
      0.12597015887063234,
      0.3123665485872029,
      0.001695233568683628,
      0.0016952876408753237,
      0.05028332673741505,
      0.0016952521382550892,
      0.0016952758969375553,
      0.33591794875615466,
      0.1669853952458137,
      0.0016955725580297706
    ],
    [
      0.0017548216279906156,
      0.09442040977515152,
      0.39821623509501686,
      0.001754859412785325,
      0.0017550375383223384,
      0.17419959745613375,
      0.034844590784846884,
      0.051541132228854716,
      0.0017549204015499889,
      0.23975839567934804
    ],
    [
      0.0012049908599866732,
      0.001205012201117718,
      0.26475715882618994,
      0.0012051493136719757,
      0.4331950590648277,
      0.0012630115471806128,
      0.29355423617371296,
      0.0012051128636758825,
      0.0012051682204098405,
      0.0012051009292266394
    ],
    [
      0.006668764138734055,
      0.0066673110240202515,
      0.357962479805144,
      0.006668502947007046,
      0.006668686294783195,
      0.006667778379315519,
      0.006667433828561812,
      0.5886937349937738,
      0.00666808041892978,
      0.0066672281697306305
    ],
    [
      0.006667646760523506,
      0.006667727001043575,
      0.006667799111989329,
      0.006667459087095565,
      0.006669486627335901,
      0.006668928430727704,
      0.006669161738156862,
      0.006667692410072167,
      0.3946051500023997,
      0.5520489488306557
    ],
    [
      0.002942062712171674,
      0.002942208967280361,
      0.002941758863175856,
      0.05762785112480467,
      0.19306896554977684,
      0.002941839871457351,
      0.36856309629401435,
      0.36308794916299236,
      0.0029419625155151616,
      0.002942304938811382
    ],
    [
      0.01111495659937164,
      0.01111545714076239,
      0.011114510515223908,
      0.8999522080650573,
      0.011116998055336022,
      0.011117704935205149,
      0.011112084710067235,
      0.011115828450849597,
      0.01112062963935606,
      0.011119621888770642
    ],
    [
      0.887477998014361,
      0.012502991263481505,
      0.012501110687593594,
      0.012501903157690559,
      0.012501750831544018,
      0.012501444751804322,
      0.012502993749276051,
      0.0125034020483859,
      0.012503214204509705,
      0.01250319129135333
    ],
    [
      0.13596286188577214,
      0.4925339477360514,
      0.0025644545568018536,
      0.0025644504260640103,
      0.0932814962673496,
      0.002564422718282087,
      0.0025644701086572413,
      0.2628348147632755,
      0.0025646156609530294,
      0.002564465876793051
    ],
    [
      0.010000909648068728,
      0.01000053089251762,
      0.010000659855982847,
      0.6517376548667048,
      0.010001220183038296,
      0.010000307870537099,
      0.010000409850507324,
      0.010001334620946606,
      0.26825592935978265,
      0.010001042851913954
    ],
    [
      0.2750615586464347,
      0.0037059283940807358,
      0.0037041604930229672,
      0.0037049258289012584,
      0.00370512148442197,
      0.0037041349453667315,
      0.0037044863986989223,
      0.6953007891851184,
      0.0037048532944199747,
      0.0037040413295342527
    ],
    [
      0.010001249063790197,
      0.010001246444665232,
      0.010001903617144564,
      0.010001487349079801,
      0.010003471035529468,
      0.010001523468944982,
      0.9099845647105484,
      0.01000146552453281,
      0.010001648049821083,
      0.010001440735943577
    ],
    [
      0.12730447466378858,
      0.005556672084141605,
      0.005556787723663066,
      0.005556849950850351,
      0.2948830186815474,
      0.005557910652848976,
      0.5389100947069649,
      0.0055572071769974295,
      0.005559194467018898,
      0.005557789892178708
    ],
    [
      0.0025649959957987876,
      0.20297070188660646,
      0.38948053442784264,
      0.28047807962500687,
      0.0025651793542076267,
      0.0025645488465564563,
      0.11168064684228324,
      0.002565985747688041,
      0.0025646942282504027,
      0.002564633045759511
    ],
    [
      0.011122158541593563,
      0.011113475629232374,
      0.011115663694614196,
      0.01111492387576747,
      0.011113018164059633,
      0.011115446617746789,
      0.01111401074206871,
      0.011118166798841584,
      0.011120225703293914,
      0.8999529102327818
    ],
    [
      0.08957071618285567,
      0.004348676494266162,
      0.004348657286513025,
      0.004348342360038873,
      0.004348846602477559,
      0.00434874593960678,
      0.5786607093936168,
      0.3013270148701271,
      0.004349142239557663,
      0.00434914863094046
    ],
    [
      0.1019504400669132,
      0.4989768597712505,
      0.2521154092264999,
      0.13178401572850865,
      0.0017860019393215628,
      0.0017859925111197523,
      0.001785900603189964,
      0.006243353952798966,
      0.0017860694408874725,
      0.0017859567595101523
    ],
    [
      0.009091616613631,
      0.00909173998983514,
      0.009102328318433002,
      0.009091491109475826,
      0.48243676289664256,
      0.009095896497226353,
      0.009096141587576415,
      0.009091408318420209,
      0.4447667314247959,
      0.00913588324396358
    ],
    [
      0.1386188621714862,
      0.0015389403618175177,
      0.0015387425975860356,
      0.0015387605851201937,
      0.7063302800037435,
      0.028365061224028057,
      0.11745298555238415,
      0.001538826026304508,
      0.001538890978497078,
      0.0015386504990328868
    ],
    [
      0.08784586581547099,
      0.4168174112802382,
      0.3730959462451022,
      0.011367556043249433,
      0.050856217212330204,
      0.0003803092452562497,
      0.017249301906932347,
      0.00038032313699774524,
      0.021877769674348957,
      0.020129299440073765
    ],
    [
      0.04819094014103804,
      0.5609795598725946,
      0.003847287738214257,
      0.003847640186622143,
      0.36389747446246906,
      0.0038475872540750045,
      0.003847479718759337,
      0.003847543601735044,
      0.0038472149239554415,
      0.003847272100537051
    ],
    [
      0.0005466132614186976,
      0.4693242183541772,
      0.2321972868990457,
      0.029154850591167986,
      0.08161767631832545,
      0.0005466570107041753,
      0.04428687628086116,
      0.0005466156356645081,
      0.016743221798595245,
      0.12503598385003992
    ],
    [
      0.849956599069751,
      0.01667148937467515,
      0.016670545749952758,
      0.016668671874253665,
      0.016674321818288797,
      0.01666928557120849,
      0.016668630489284058,
      0.016675504815200155,
      0.01667395341419268,
      0.016670997823193173
    ],
    [
      0.005265950397503929,
      0.4566866174217662,
      0.00526457978088841,
      0.005265105662903713,
      0.27352065707834444,
      0.23293880103769157,
      0.0052645978345085605,
      0.00526488362503768,
      0.005264519233287879,
      0.005264287928067724
    ],
    [
      0.002632336856656175,
      0.00263194326270486,
      0.002632120641747575,
      0.05464676387950637,
      0.21595373142718918,
      0.002632281566076918,
      0.0026322517718645813,
      0.002632252375446696,
      0.16683382461599214,
      0.5467724936028154
    ],
    [
      0.002440156024807718,
      0.37562358303982946,
      0.0024394545965351184,
      0.0024398645516500745,
      0.0024398513501555767,
      0.0024395642253754787,
      0.12008823804549347,
      0.32053245981209866,
      0.0024399916350478037,
      0.1691168367190068
    ],
    [
      0.005883017498885894,
      0.005883697906523472,
      0.0058849992872511666,
      0.005884079386871216,
      0.005884184676224514,
      0.9470442373864204,
      0.005884347069813682,
      0.005883104603594752,
      0.005884503004310079,
      0.005883829180105235
    ],
    [
      0.004348537723224129,
      0.1134655339255988,
      0.004348871479731075,
      0.4583685166043711,
      0.004348931862115419,
      0.00434982029669889,
      0.004348506668623861,
      0.0043481797896276295,
      0.004349819154834959,
      0.39772328249517425
    ],
    [
      0.40744438432033725,
      0.0017861312765995092,
      0.001786237501187702,
      0.19496399082952784,
      0.0017862990961512988,
      0.33815983377695674,
      0.0017861453922055337,
      0.0017862713451340007,
      0.0017862115488318754,
      0.048714494913068264
    ],
    [
      0.002041372728466697,
      0.0020410134280467412,
      0.05394777009705794,
      0.0020412929021940054,
      0.0020413960865903044,
      0.1555229358557088,
      0.21341658892205856,
      0.0020411777522390036,
      0.0020412850727177185,
      0.5648651671549203
    ],
    [
      0.010001151980099272,
      0.01000078270904336,
      0.9099837280777053,
      0.010001170141147285,
      0.010003098638613851,
      0.010001987914302984,
      0.010003714978616147,
      0.010001793779130729,
      0.010000839335336346,
      0.010001732446004713
    ],
    [
      0.005884902597308419,
      0.00588391079197837,
      0.005883540776548064,
      0.005883477373379943,
      0.005883281673158222,
      0.00588334519185055,
      0.09901371724134342,
      0.005885325552843382,
      0.8539152131786634,
      0.005883285622926196
    ],
    [
      0.0025005464062932445,
      0.07944917910792845,
      0.32153665411318544,
      0.14330242668287563,
      0.34918338654852943,
      0.09402562169751398,
      0.0025004997785795353,
      0.0025004456529203957,
      0.002500554784805069,
      0.002500685227368816
    ],
    [
      0.08163261767508127,
      0.0038467170804106854,
      0.06995926935070142,
      0.003846662998967702,
      0.0038470139978934764,
      0.00384703770705742,
      0.5487721168109871,
      0.21262615485569902,
      0.06777513173433475,
      0.003847277788867103
    ],
    [
      0.00454609115917062,
      0.004546793237648363,
      0.004547207796206634,
      0.004546431384994102,
      0.004546965068209272,
      0.3368286762755954,
      0.004546851894630179,
      0.0045463600833984515,
      0.004546432904071209,
      0.6267981901960759
    ],
    [
      0.0029417639672559364,
      0.8617912645971335,
      0.1146744727679258,
      0.0029419131409811677,
      0.0029416085701231983,
      0.002941828782351869,
      0.002941828977334591,
      0.0029421003176670767,
      0.0029418253903306683,
      0.00294139348889623
    ],
    [
      0.0037043146913949584,
      0.0037047081440760455,
      0.0037043078855068553,
      0.003704149916046665,
      0.0037059112037770158,
      0.12103123452828543,
      0.003704324699217283,
      0.575932652883055,
      0.003704455715712634,
      0.277103940332928
    ],
    [
      0.0027031957195389035,
      0.002702987122278749,
      0.0027033115176997476,
      0.0027030191773363553,
      0.002703257631892466,
      0.9081766211126243,
      0.0027030308365488883,
      0.07019829325087677,
      0.0027029892160690193,
      0.0027032944151347588
    ],
    [
      0.01111475504073651,
      0.461306561482865,
      0.011115828566523055,
      0.011112416812415957,
      0.4497849366054889,
      0.011113035994043122,
      0.011112417939164936,
      0.011112774152198177,
      0.011113032535970032,
      0.011114240870594315
    ],
    [
      0.03191856212810825,
      0.0015629536727034905,
      0.0015627840591834166,
      0.4794964669786645,
      0.047392189533568795,
      0.0015631099629738621,
      0.17089919031835157,
      0.05291287362130474,
      0.21112895162510148,
      0.0015629181000397308
    ],
    [
      0.004167432784838205,
      0.0041690996781220905,
      0.004167928124002522,
      0.00416816183250612,
      0.004168055531535029,
      0.523281868740209,
      0.44337420104732034,
      0.004168296896332659,
      0.004167741203332522,
      0.004167214161801517
    ],
    [
      0.003226411103815475,
      0.17585532752120286,
      0.144839427532804,
      0.20977883435849354,
      0.00322654547666447,
      0.32959200407456607,
      0.0032267511240851626,
      0.003226642844484549,
      0.08460364478932174,
      0.042424411174562124
    ],
    [
      0.024476292582263942,
      0.4889642255705237,
      0.0012990455279643031,
      0.0012989361691555185,
      0.0012989393196692468,
      0.0012991200434500573,
      0.04014450664652316,
      0.22528718057081765,
      0.21463267579083614,
      0.0012990777787960897
    ],
    [
      0.2752736901551076,
      0.001961106996075488,
      0.001961233446156107,
      0.3080598651159906,
      0.0019611376099871866,
      0.00196121048748804,
      0.0019613169663130195,
      0.40293765104516416,
      0.001961370295379878,
      0.001961417882337823
    ],
    [
      0.6061665925669113,
      0.004762816320774245,
      0.004762497195883095,
      0.004762548545294893,
      0.0047627718992573525,
      0.09533311928132084,
      0.004763017630494239,
      0.004762888265535048,
      0.26516002866126787,
      0.004763719633260918
    ],
    [
      0.005883269025014026,
      0.005883007818338661,
      0.005883072025598982,
      0.6974161214650014,
      0.10104987785141531,
      0.16035157759532587,
      0.005882978069102457,
      0.0058837124893524806,
      0.005883640905416639,
      0.005882742755434239
    ],
    [
      0.002439279426446602,
      0.11126252437861528,
      0.23607107611179665,
      0.08539652851339304,
      0.34582948638025796,
      0.0024394975902233998,
      0.002439693118477126,
      0.0024394168072448532,
      0.0024393143347008588,
      0.20924318333884434
    ],
    [
      0.007697924361809704,
      0.37520965031677805,
      0.0076960117541908886,
      0.007698312497443097,
      0.007694423748027918,
      0.007696565102322665,
      0.007693866696273722,
      0.0076958828808901345,
      0.00769466103809253,
      0.5632227016041712
    ],
    [
      0.3935273538607677,
      0.24696406519263894,
      0.13707511181429263,
      0.0035721792361903455,
      0.003572229941687637,
      0.2009995475495753,
      0.0035724192959412124,
      0.003572549417134667,
      0.0035722303449755104,
      0.0035723133467959653
    ],
    [
      0.5789360322216086,
      0.0034495342939917487,
      0.003449671753605472,
      0.0034488731569242677,
      0.0034493986842906747,
      0.39346844731807423,
      0.0034497266914298376,
      0.003449195452777195,
      0.0034492838579356267,
      0.0034498365693623645
    ],
    [
      0.010003243036128333,
      0.0100031009596353,
      0.010003196278198892,
      0.010001584836462348,
      0.010003117380597296,
      0.010005627978811181,
      0.010004959027336884,
      0.7697439181690242,
      0.01000158176245323,
      0.15022967057135228
    ],
    [
      0.004546119050221451,
      0.004546224966109143,
      0.004547499672215933,
      0.08645995465485586,
      0.4426490983103105,
      0.4390640404183983,
      0.004546387707183083,
      0.004545827426714921,
      0.004546309636858747,
      0.004548538157132089
    ],
    [
      0.7177884591199906,
      0.00476336678813899,
      0.004763097669291804,
      0.004763175830952939,
      0.004763266091888367,
      0.004763257036586374,
      0.004762943021025573,
      0.24410722856373004,
      0.004762519200211338,
      0.004762686678184159
    ],
    [
      0.0037046329484100803,
      0.0037045330627822532,
      0.0037049540239373936,
      0.003704711995899305,
      0.003704476239226514,
      0.003704742674747553,
      0.003704730097462011,
      0.0037046908750636514,
      0.6643488729826492,
      0.306013655099822
    ],
    [
      0.2826515821185654,
      0.0022228793657451586,
      0.0022227281136429143,
      0.15211885981028345,
      0.0022228117300658154,
      0.3979488481561611,
      0.15394346080018365,
      0.002223043003488508,
      0.0022229660313840983,
      0.002222820870479822
    ],
    [
      0.003572252574742431,
      0.003572168049151814,
      0.0035722361796675295,
      0.6833240091822852,
      0.28809522187177855,
      0.0035729451595194767,
      0.003572582126094815,
      0.0035723573203898123,
      0.003572353361960628,
      0.0035738741744096177
    ],
    [
      0.3054593006266178,
      0.002632455257558838,
      0.002632224168744025,
      0.002632171512144993,
      0.3003558278580061,
      0.0026320062707860126,
      0.002632026479806845,
      0.2959109439648798,
      0.0026321767304785847,
      0.082480867130977
    ],
    [
      0.011112045453180739,
      0.011111264829835812,
      0.011112577486626474,
      0.011111634106157176,
      0.011112622790154689,
      0.011112603790556072,
      0.011112107192202013,
      0.011112167802628085,
      0.14002197294766403,
      0.771081003600995
    ],
    [
      0.005885663327731317,
      0.005884778505753181,
      0.0058836730136745995,
      0.005883102462506534,
      0.005883776653838534,
      0.005883418776815003,
      0.005883153837098991,
      0.005884335248852964,
      0.9470444058263114,
      0.00588369234741742
    ],
    [
      0.005557177112396047,
      0.13081751173854905,
      0.005556720549115661,
      0.005556483874770854,
      0.0055570780271530585,
      0.10359961973701538,
      0.005556721374020106,
      0.005557242454708725,
      0.39005609638198196,
      0.34218534875028916
    ],
    [
      0.2686971696582063,
      0.1383583458986243,
      0.0013891432203315518,
      0.06047037266911375,
      0.18835290619143033,
      0.022459778597140895,
      0.20189198219063367,
      0.11560191196941343,
      0.0013891795707214765,
      0.0013892100343841848
    ],
    [
      0.002778573077319193,
      0.05147271822694712,
      0.0027783669611151558,
      0.002779070913241445,
      0.002778320057842998,
      0.05833280991935208,
      0.05965184306329149,
      0.11542349352420996,
      0.7012265472421275,
      0.0027782570145529575
    ],
    [
      0.002632308911720417,
      0.0026325323325414813,
      0.28588550607812335,
      0.0026347020258329747,
      0.07925669543172871,
      0.002631872918205773,
      0.1998402122139996,
      0.3421135906258341,
      0.07974024198093388,
      0.00263233748107975
    ],
    [
      0.7795153706441422,
      0.008334770268896514,
      0.00833572148226087,
      0.008335505837710276,
      0.008334284968521755,
      0.008334686795533992,
      0.008334833199349315,
      0.008337309367665479,
      0.15380060554264416,
      0.00833691189327533
    ],
    [
      0.09882653470766005,
      0.10268083952069193,
      0.0022231897862548117,
      0.05704911763993479,
      0.0022227639184747403,
      0.20554279777225118,
      0.3136540578372749,
      0.0022228624325623197,
      0.0022227006922512045,
      0.21335513569264403
    ],
    [
      0.9590814380516732,
      0.004547403685569871,
      0.004546611763408976,
      0.004545954638927322,
      0.0045465720483116,
      0.004546252138428596,
      0.004546454300210809,
      0.004546670392681814,
      0.004546503274361675,
      0.004546139706425939
    ],
    [
      0.004167462631875951,
      0.004167272500317673,
      0.004167833130091418,
      0.29850007436903636,
      0.6681535600568859,
      0.004167869296268241,
      0.004169123067599175,
      0.004167596130641013,
      0.00416877269351496,
      0.004170436123769275
    ],
    [
      0.0030312820460877033,
      0.22852405105016096,
      0.003031373367427221,
      0.0030311193351429634,
      0.003030967184099778,
      0.2929189245280059,
      0.0030327133134462614,
      0.003030968086023872,
      0.4573376792194415,
      0.0030309218701636545
    ],
    [
      0.003031253392226975,
      0.003030734878213304,
      0.003031306381738291,
      0.4642415487972107,
      0.2452444473481715,
      0.0030310959242942203,
      0.0030309301497244948,
      0.23534802212707662,
      0.003031438426645257,
      0.036979222574698684
    ],
    [
      0.0062515056318534,
      0.006253660425670492,
      0.0062522476245799345,
      0.006253364637274905,
      0.2532692634682556,
      0.006252352786277078,
      0.006251626030380002,
      0.006250783099693302,
      0.0062524537616610075,
      0.6967127425343542
    ],
    [
      0.005556073179091329,
      0.9499954121636737,
      0.0055559092076654295,
      0.005555767658566236,
      0.005556493908106516,
      0.0055556428369524635,
      0.0055559206406151,
      0.005556376256951711,
      0.00555667429826316,
      0.005555729850114295
    ],
    [
      0.1969232019708666,
      0.0018523402626278505,
      0.19105873842887044,
      0.07314886176598641,
      0.28498797506050877,
      0.0018525352127636988,
      0.1954370286736214,
      0.001852290039737041,
      0.0018525163004649823,
      0.051034512284552774
    ],
    [
      0.0022734018064165147,
      0.0022731598694539926,
      0.27736238456678103,
      0.0022732846742594707,
      0.0022732450092288613,
      0.2207415470639893,
      0.13832205167119122,
      0.002273295613735542,
      0.0022734102356032405,
      0.3499342194893408
    ],
    [
      0.0027784018268702357,
      0.00277842511028956,
      0.4651288524437326,
      0.1772019564211312,
      0.0027787952619898683,
      0.002778381583306591,
      0.002778611342991631,
      0.0027785125751486656,
      0.20110046416138233,
      0.13989759927315723
    ],
    [
      0.0015883479057648637,
      0.5033950976783956,
      0.0015876683206313266,
      0.07114257571786055,
      0.0015878412725598295,
      0.1072336742860364,
      0.0015878174688116066,
      0.3087012647042361,
      0.0015881133564868367,
      0.001587599289216837
    ],
    [
      0.21933720721651923,
      0.005263541004633472,
      0.005264383312924443,
      0.005263985604915933,
      0.005264176641494216,
      0.005263740334769848,
      0.738549867086994,
      0.005263886716073068,
      0.005263866945732271,
      0.005265345135943654
    ],
    [
      0.003126906691566342,
      0.5234811307670837,
      0.0031262122511466765,
      0.0031258761232436966,
      0.003126104775792836,
      0.003126146218384936,
      0.0031258873380233675,
      0.003125926363611789,
      0.25329566148247085,
      0.20134014798867586
    ],
    [
      0.0994049820726023,
      0.5918481519742718,
      0.000833480336716506,
      0.014050592569459014,
      0.0008334841499479829,
      0.01332779604016569,
      0.0008335034746002713,
      0.23371977925433016,
      0.04431480807096769,
      0.000833422056938547
    ],
    [
      0.005557252951586514,
      0.005557124043853599,
      0.84471124649871,
      0.0055571062460772515,
      0.0055574774140520235,
      0.1108322762232969,
      0.00555659757791084,
      0.0055572954841813915,
      0.0055572971834168036,
      0.005556326376914642
    ],
    [
      0.1306589086205147,
      0.0025011701470863353,
      0.0025003067863442353,
      0.0025004165609599322,
      0.3003290173743196,
      0.0025004294766084226,
      0.002500402361173542,
      0.0025011628179621046,
      0.5515078208362408,
      0.00250036501879021
    ],
    [
      0.0010311575529495882,
      0.0010310957956929812,
      0.05927208768349662,
      0.1510615082569168,
      0.1315928503474429,
      0.06537882510058204,
      0.0010311510961909473,
      0.0010312108430094984,
      0.001031159299280448,
      0.5875389540244381
    ],
    [
      0.004167594489145986,
      0.004167062765492016,
      0.004167089873070171,
      0.004167339479699565,
      0.004167178659299308,
      0.0041673175639046845,
      0.18917681965838123,
      0.004167186829649623,
      0.0041674880787172155,
      0.7774849226026402
    ],
    [
      0.004548418211678817,
      0.004548928237891515,
      0.004546986922793167,
      0.3489887184693496,
      0.004546951861267888,
      0.004547001573708754,
      0.00454699336665066,
      0.004548583422887015,
      0.0045480249146834925,
      0.6146293930190891
    ],
    [
      0.0017242565611174808,
      0.0017245276967228363,
      0.1154279251040357,
      0.001724524746537513,
      0.0017243943123952511,
      0.0017245826464171792,
      0.2867778913625992,
      0.15839177250665407,
      0.001724526534030545,
      0.42905559852949016
    ],
    [
      0.02500501590071241,
      0.025002476871843708,
      0.025001497701353494,
      0.025003284209268957,
      0.02500318602289426,
      0.025004912777313357,
      0.02500244256676384,
      0.7749725996544469,
      0.025002646958441947,
      0.02500193733696106
    ],
    [
      0.00666757211073323,
      0.0066668846066435345,
      0.006668800673950658,
      0.006667701782027531,
      0.0066675200417752765,
      0.0066675838061786945,
      0.006668010696182811,
      0.006667195856405669,
      0.9399896033670498,
      0.006669127059052742
    ],
    [
      0.0016952236737795964,
      0.0016951028134915488,
      0.059902571838253656,
      0.0016952713029754682,
      0.0016953168997303097,
      0.13860328133439098,
      0.0016954934718799591,
      0.7896272601984028,
      0.001695286976819756,
      0.0016951914902758871
    ],
    [
      0.00238144422558173,
      0.0023815993517068736,
      0.49164065259645,
      0.15905016182569454,
      0.15509038832363925,
      0.0023814305278303336,
      0.17992974149289356,
      0.002381514180388471,
      0.0023817431299071852,
      0.002381324345907959
    ],
    [
      0.00454688879697855,
      0.004546363363705566,
      0.004546198013762419,
      0.004547543375478792,
      0.0045473889069838755,
      0.25668981566583876,
      0.2148661301814391,
      0.4966171184306997,
      0.0045465381480586965,
      0.004546015117054457
    ],
    [
      0.7994552454848997,
      0.00555627971539195,
      0.0055572164451189775,
