{
  "theta": [
    [
      0.1353658536585366,
      0.0012195121951219512,
      0.049999999999999996,
      0.0012195121951219512,
      0.19634146341463415,
      0.3426829268292683,
      0.0012195121951219512,
      0.26951219512195124,
      0.0012195121951219512,
      0.0012195121951219512
    ],
    [
      0.011111111111111112,
      0.011111111111111112,
      0.6777777777777777,
      0.011111111111111112,
      0.12222222222222223,
      0.011111111111111112,
      0.011111111111111112,
      0.12222222222222223,
      0.011111111111111112,
      0.011111111111111112
    ],
    [
      0.003125,
      0.003125,
      0.003125,
      0.003125,
      0.503125,
      0.003125,
      0.378125,
      0.003125,
      0.096875,
      0.003125
    ],
    [
      0.0125,
      0.0125,
      0.2625,
      0.3875,
      0.1375,
      0.0125,
      0.0125,
      0.0125,
      0.0125,
      0.1375
    ],
    [
      0.035483870967741936,
      0.035483870967741936,
      0.6483870967741936,
      0.0032258064516129032,
      0.035483870967741936,
      0.132258064516129,
      0.06774193548387097,
      0.0032258064516129032,
      0.035483870967741936,
      0.0032258064516129032
    ],
    [
      0.606140350877193,
      0.22894736842105265,
      0.05350877192982456,
      0.07982456140350877,
      0.009649122807017544,
      0.0008771929824561404,
      0.0008771929824561404,
      0.0008771929824561404,
      0.0008771929824561404,
      0.01842105263157895
    ],
    [
      0.0012195121951219512,
      0.0012195121951219512,
      0.26951219512195124,
      0.0012195121951219512,
      0.30609756097560975,
      0.07439024390243902,
      0.0012195121951219512,
      0.013414634146341465,
      0.3304878048780488,
      0.0012195121951219512
    ],
    [
      0.005555555555555556,
      0.44999999999999996,
      0.39444444444444443,
      0.005555555555555556,
      0.005555555555555556,
      0.005555555555555556,
      0.005555555555555556,
      0.005555555555555556,
      0.11666666666666667,
      0.005555555555555556
    ],
    [
      0.0020833333333333333,
      0.02291666666666667,
      0.21041666666666667,
      0.02291666666666667,
      0.10625,
      0.02291666666666667,
      0.4395833333333334,
      0.0020833333333333333,
      0.08541666666666665,
      0.08541666666666665
    ],
    [
      0.04038461538461539,
      0.0019230769230769232,
      0.0019230769230769232,
      0.0019230769230769232,
      0.175,
      0.0019230769230769232,
      0.7134615384615385,
      0.0019230769230769232,
      0.0019230769230769232,
      0.05961538461538462
    ],
    [
      0.044000000000000004,
      0.004,
      0.004,
      0.004,
      0.284,
      0.524,
      0.124,
      0.004,
      0.004,
      0.004
    ],
    [
      0.0071428571428571435,
      0.07857142857142858,
      0.0071428571428571435,
      0.0071428571428571435,
      0.0071428571428571435,
      0.36428571428571427,
      0.0071428571428571435,
      0.15,
      0.36428571428571427,
      0.0071428571428571435
    ],
    [
      0.003703703703703704,
      0.003703703703703704,
      0.040740740740740744,
      0.15185185185185185,
      0.3,
      0.003703703703703704,
      0.26296296296296295,
      0.040740740740740744,
      0.18888888888888888,
      0.003703703703703704
    ],
    [
      0.7817073170731706,
      0.0012195121951219512,
      0.03780487804878049,
      0.0012195121951219512,
      0.0012195121951219512,
      0.0012195121951219512,
      0.0012195121951219512,
      0.1353658536585366,
      0.0012195121951219512,
      0.03780487804878049
    ],
    [
      0.17317073170731706,
      0.0024390243902439024,
      0.051219512195121955,
      0.3439024390243902,
      0.0024390243902439024,
      0.0024390243902439024,
      0.0024390243902439024,
      0.41707317073170735,
      0.0024390243902439024,
      0.0024390243902439024
    ],
    [
      0.009090909090909092,
      0.009090909090909092,
      0.009090909090909092,
      0.19090909090909092,
      0.009090909090909092,
      0.009090909090909092,
      0.5545454545454546,
      0.19090909090909092,
      0.009090909090909092,
      0.009090909090909092
    ],
    [
      0.011111111111111112,
      0.011111111111111112,
      0.011111111111111112,
      0.011111111111111112,
      0.011111111111111112,
      0.6777777777777777,
      0.011111111111111112,
      0.011111111111111112,
      0.23333333333333334,
      0.011111111111111112
    ],
    [
      0.003448275862068966,
      0.24482758620689654,
      0.03793103448275863,
      0.17586206896551723,
      0.003448275862068966,
      0.14137931034482756,
      0.3482758620689655,
      0.003448275862068966,
      0.03793103448275863,
      0.003448275862068966
    ],
    [
      0.20666666666666667,
      0.006666666666666667,
      0.006666666666666667,
      0.20666666666666667,
      0.006666666666666667,
      0.5399999999999999,
      0.006666666666666667,
      0.006666666666666667,
      0.006666666666666667,
      0.006666666666666667
    ],
    [
      0.005,
      0.005,
      0.005,
      0.255,
      0.005,
      0.255,
      0.005,
      0.005,
      0.005,
      0.45499999999999996
    ],
    [
      0.38846153846153847,
      0.11923076923076924,
      0.0038461538461538464,
      0.1576923076923077,
      0.0038461538461538464,
      0.0038461538461538464,
      0.0038461538461538464,
      0.31153846153846154,
      0.0038461538461538464,
      0.0038461538461538464
    ],
    [
      0.003448275862068966,
      0.003448275862068966,
      0.003448275862068966,
      0.14137931034482756,
      0.14137931034482756,
      0.003448275862068966,
      0.003448275862068966,
      0.003448275862068966,
      0.6931034482758621,
      0.003448275862068966
    ],
    [
      0.014285714285714287,
      0.3,
      0.014285714285714287,
      0.15714285714285717,
      0.014285714285714287,
      0.014285714285714287,
      0.3,
      0.014285714285714287,
      0.014285714285714287,
      0.15714285714285717
    ],
    [
      0.36666666666666664,
      0.0030303030303030303,
      0.396969696969697,
      0.0030303030303030303,
      0.0030303030303030303,
      0.09393939393939395,
      0.0030303030303030303,
      0.12424242424242424,
      0.0030303030303030303,
      0.0030303030303030303
    ],
    [
      0.002631578947368421,
      0.002631578947368421,
      0.002631578947368421,
      0.5815789473684211,
      0.16052631578947368,
      0.2131578947368421,
      0.028947368421052635,
      0.002631578947368421,
      0.002631578947368421,
      0.002631578947368421
    ],
    [
      0.04782608695652174,
      0.8304347826086957,
      0.004347826086956522,
      0.004347826086956522,
      0.04782608695652174,
      0.004347826086956522,
      0.004347826086956522,
      0.004347826086956522,
      0.04782608695652174,
      0.004347826086956522
    ],
    [
      0.30833333333333335,
      0.44722222222222224,
      0.14166666666666666,
      0.002777777777777778,
      0.002777777777777778,
      0.002777777777777778,
      0.002777777777777778,
      0.058333333333333334,
      0.002777777777777778,
      0.030555555555555558
    ],
    [
      0.003703703703703704,
      0.3,
      0.22592592592592592,
      0.003703703703703704,
      0.003703703703703704,
      0.11481481481481481,
      0.003703703703703704,
      0.003703703703703704,
      0.18888888888888888,
      0.15185185185185185
    ],
    [
      0.007692307692307693,
      0.23846153846153847,
      0.5461538461538461,
      0.007692307692307693,
      0.007692307692307693,
      0.007692307692307693,
      0.007692307692307693,
      0.08461538461538462,
      0.007692307692307693,
      0.08461538461538462
    ],
    [
      0.03928571428571429,
      0.325,
      0.0035714285714285718,
      0.3964285714285714,
      0.0035714285714285718,
      0.0035714285714285718,
      0.18214285714285713,
      0.0035714285714285718,
      0.0035714285714285718,
      0.03928571428571429
    ],
    [
      0.0071428571428571435,
      0.0071428571428571435,
      0.0071428571428571435,
      0.07857142857142858,
      0.5785714285714285,
      0.2928571428571428,
      0.0071428571428571435,
      0.0071428571428571435,
      0.0071428571428571435,
      0.0071428571428571435
    ],
    [
      0.0058823529411764705,
      0.711764705882353,
      0.0058823529411764705,
      0.0058823529411764705,
      0.0058823529411764705,
      0.0058823529411764705,
      0.0058823529411764705,
      0.0058823529411764705,
      0.06470588235294118,
      0.1823529411764706
    ],
    [
      0.2652173913043478,
      0.2652173913043478,
      0.3521739130434782,
      0.004347826086956522,
      0.004347826086956522,
      0.004347826086956522,
      0.004347826086956522,
      0.004347826086956522,
      0.004347826086956522,
      0.09130434782608696
    ],
    [
      0.40285714285714286,
      0.20285714285714285,
      0.1457142857142857,
      0.002857142857142857,
      0.002857142857142857,
      0.060000000000000005,
      0.03142857142857143,
      0.11714285714285713,
      0.03142857142857143,
      0.002857142857142857
    ],
    [
      0.0030303030303030303,
      0.0030303030303030303,
      0.0030303030303030303,
      0.0030303030303030303,
      0.27575757575757576,
      0.12424242424242424,
      0.5787878787878789,
      0.0030303030303030303,
      0.0030303030303030303,
      0.0030303030303030303
    ],
    [
      0.003125,
      0.003125,
      0.190625,
      0.003125,
      0.003125,
      0.003125,
      0.378125,
      0.003125,
      0.003125,
      0.409375
    ],
    [
      0.002564102564102564,
      0.002564102564102564,
      0.002564102564102564,
      0.002564102564102564,
      0.4384615384615385,
      0.002564102564102564,
      0.002564102564102564,
      0.36153846153846153,
      0.18205128205128204,
      0.002564102564102564
    ],
    [
      0.005263157894736842,
      0.4263157894736842,
      0.05789473684210527,
      0.005263157894736842,
      0.32105263157894737,
      0.005263157894736842,
      0.005263157894736842,
      0.005263157894736842,
      0.005263157894736842,
      0.1631578947368421
    ],
    [
      0.006666666666666667,
      0.006666666666666667,
      0.006666666666666667,
      0.006666666666666667,
      0.006666666666666667,
      0.006666666666666667,
      0.006666666666666667,
      0.006666666666666667,
      0.4066666666666666,
      0.5399999999999999
    ],
    [
      0.02,
      0.02,
      0.02,
      0.42000000000000004,
      0.02,
      0.42000000000000004,
      0.02,
      0.02,
      0.02,
      0.02
    ],
    [
      0.17012987012987013,
      0.4428571428571429,
      0.0012987012987012987,
      0.26103896103896107,
      0.0012987012987012987,
      0.0012987012987012987,
      0.0012987012987012987,
      0.0012987012987012987,
      0.014285714285714287,
      0.10519480519480519
    ],
    [
      0.0014705882352941176,
      0.0014705882352941176,
      0.016176470588235296,
      0.0014705882352941176,
      0.075,
      0.36911764705882355,
      0.10441176470588234,
      0.06029411764705882,
      0.0014705882352941176,
      0.36911764705882355
    ],
    [
      0.006666666666666667,
      0.006666666666666667,
      0.006666666666666667,
      0.006666666666666667,
      0.2733333333333333,
      0.07333333333333333,
      0.006666666666666667,
      0.006666666666666667,
      0.2733333333333333,
      0.33999999999999997
    ],
    [
      0.001724137931034483,
      0.018965517241379314,
      0.001724137931034483,
      0.001724137931034483,
      0.08793103448275862,
      0.5879310344827586,
      0.12241379310344827,
      0.12241379310344827,
      0.05344827586206897,
      0.001724137931034483
    ],
    [
      0.0058823529411764705,
      0.0058823529411764705,
      0.0058823529411764705,
      0.0058823529411764705,
      0.0058823529411764705,
      0.0058823529411764705,
      0.3,
      0.4764705882352941,
      0.06470588235294118,
      0.12352941176470589
    ],
    [
      0.0029411764705882353,
      0.0029411764705882353,
      0.41470588235294115,
      0.0029411764705882353,
      0.0029411764705882353,
      0.0029411764705882353,
      0.0029411764705882353,
      0.0029411764705882353,
      0.12058823529411763,
      0.4441176470588235
    ],
    [
      0.00625,
      0.00625,
      0.19375,
      0.00625,
      0.00625,
      0.06875,
      0.19375,
      0.00625,
      0.00625,
      0.50625
    ],
    [
      0.005,
      0.005,
      0.005,
      0.505,
      0.10500000000000001,
      0.205,
      0.005,
      0.10500000000000001,
      0.005,
      0.05500000000000001
    ],
    [
      0.002127659574468085,
      0.002127659574468085,
      0.002127659574468085,
      0.002127659574468085,
      0.3638297872340426,
      0.34255319148936175,
      0.002127659574468085,
      0.27872340425531916,
      0.002127659574468085,
      0.002127659574468085
    ],
    [
      0.1711864406779661,
      0.5271186440677966,
      0.12033898305084745,
      0.0016949152542372883,
      0.01864406779661017,
      0.0016949152542372883,
      0.0016949152542372883,
      0.05254237288135594,
      0.0016949152542372883,
      0.10338983050847457
    ],
    [
      0.17719298245614035,
      0.0017543859649122807,
      0.0368421052631579,
      0.0017543859649122807,
      0.30000000000000004,
      0.054385964912280704,
      0.3877192982456141,
      0.01929824561403509,
      0.0017543859649122807,
      0.01929824561403509
    ],
    [
      0.0012048192771084338,
      0.1819277108433735,
      0.0012048192771084338,
      0.0012048192771084338,
      0.29036144578313255,
      0.1578313253012048,
      0.3144578313253012,
      0.0012048192771084338,
      0.0012048192771084338,
      0.04939759036144578
    ],
    [
      0.20666666666666667,
      0.006666666666666667,
      0.006666666666666667,
      0.07333333333333333,
      0.2733333333333333,
      0.07333333333333333,
      0.006666666666666667,
      0.33999999999999997,
      0.006666666666666667,
      0.006666666666666667
    ],
    [
      0.006666666666666667,
      0.006666666666666667,
      0.006666666666666667,
      0.20666666666666667,
      0.006666666666666667,
      0.006666666666666667,
      0.14,
      0.006666666666666667,
      0.07333333333333333,
      0.5399999999999999
    ],
    [
      0.12058823529411763,
      0.03235294117647059,
      0.0029411764705882353,
      0.0911764705882353,
      0.0029411764705882353,
      0.29705882352941176,
      0.12058823529411763,
      0.0029411764705882353,
      0.29705882352941176,
      0.03235294117647059
    ],
    [
      0.011111111111111112,
      0.011111111111111112,
      0.12222222222222223,
      0.011111111111111112,
      0.011111111111111112,
      0.23333333333333334,
      0.12222222222222223,
      0.011111111111111112,
      0.34444444444444444,
      0.12222222222222223
    ],
    [
      0.2625,
      0.5125,
      0.0125,
      0.0125,
      0.0125,
      0.0125,
      0.0125,
      0.1375,
      0.0125,
      0.0125
    ],
    [
      0.23333333333333334,
      0.33589743589743587,
      0.3871794871794872,
      0.002564102564102564,
      0.002564102564102564,
      0.02820512820512821,
      0.002564102564102564,
      0.002564102564102564,
      0.002564102564102564,
      0.002564102564102564
    ],
    [
      0.01,
      0.01,
      0.11000000000000001,
      0.01,
      0.01,
      0.01,
      0.01,
      0.01,
      0.8099999999999999,
      0.01
    ],
    [
      0.003703703703703704,
      0.7074074074074075,
      0.18888888888888888,
      0.040740740740740744,
      0.040740740740740744,
      0.003703703703703704,
      0.003703703703703704,
      0.003703703703703704,
      0.003703703703703704,
      0.003703703703703704
    ],
    [
      0.01,
      0.01,
      0.01,
      0.21000000000000002,
      0.21000000000000002,
      0.01,
      0.51,
      0.01,
      0.01,
      0.01
    ],
    [
      0.005555555555555556,
      0.005555555555555556,
      0.17222222222222222,
      0.061111111111111116,
      0.2833333333333333,
      0.22777777777777775,
      0.17222222222222222,
      0.005555555555555556,
      0.061111111111111116,
      0.005555555555555556
    ],
    [
      0.002564102564102564,
      0.13076923076923075,
      0.25897435897435894,
      0.02820512820512821,
      0.13076923076923075,
      0.002564102564102564,
      0.002564102564102564,
      0.0794871794871795,
      0.31025641025641026,
      0.05384615384615385
    ],
    [
      0.12222222222222223,
      0.011111111111111112,
      0.12222222222222223,
      0.011111111111111112,
      0.011111111111111112,
      0.011111111111111112,
      0.011111111111111112,
      0.6777777777777777,
      0.011111111111111112,
      0.011111111111111112
    ],
    [
      0.004347826086956522,
      0.3521739130434782,
      0.2217391304347826,
      0.004347826086956522,
      0.004347826086956522,
      0.004347826086956522,
      0.39565217391304347,
      0.004347826086956522,
      0.004347826086956522,
      0.004347826086956522
    ],
    [
      0.0375,
      0.5732142857142858,
      0.21607142857142855,
      0.0017857142857142859,
      0.0375,
      0.0017857142857142859,
      0.0017857142857142859,
      0.12678571428571428,
      0.0017857142857142859,
      0.0017857142857142859
    ],
    [
      0.009090909090909092,
      0.009090909090909092,
      0.009090909090909092,
      0.19090909090909092,
      0.009090909090909092,
      0.009090909090909092,
      0.7363636363636363,
      0.009090909090909092,
      0.009090909090909092,
      0.009090909090909092
    ],
    [
      0.0015384615384615385,
      0.40153846153846157,
      0.12461538461538461,
      0.06307692307692307,
      0.2169230769230769,
      0.0015384615384615385,
      0.0015384615384615385,
      0.18615384615384614,
      0.0015384615384615385,
      0.0015384615384615385
    ],
    [
      0.4908745247148289,
      0.09543726235741445,
      0.0688212927756654,
      0.023193916349809884,
      0.2665399239543726,
      0.0003802281368821293,
      0.0003802281368821293,
      0.01939163498098859,
      0.03460076045627376,
      0.0003802281368821293
    ],
    [
      0.04230769230769231,
      0.04230769230769231,
      0.0038461538461538464,
      0.19615384615384615,
      0.31153846153846154,
      0.0038461538461538464,
      0.0038461538461538464,
      0.27307692307692305,
      0.0038461538461538464,
      0.11923076923076924
    ],
    [
      0.2792349726775956,
      0.1371584699453552,
      0.03333333333333333,
      0.05519125683060109,
      0.3502732240437158,
      0.000546448087431694,
      0.000546448087431694,
      0.12622950819672132,
      0.016939890710382516,
      0.000546448087431694
    ],
    [
      0.016666666666666666,
      0.016666666666666666,
      0.5166666666666667,
      0.016666666666666666,
      0.35000000000000003,
      0.016666666666666666,
      0.016666666666666666,
      0.016666666666666666,
      0.016666666666666666,
      0.016666666666666666
    ],
    [
      0.1105263157894737,
      0.005263157894736842,
      0.005263157894736842,
      0.1105263157894737,
      0.005263157894736842,
      0.005263157894736842,
      0.005263157894736842,
      0.1631578947368421,
      0.5842105263157894,
      0.005263157894736842
    ],
    [
      0.002631578947368421,
      0.1868421052631579,
      0.002631578947368421,
      0.2657894736842105,
      0.002631578947368421,
      0.2394736842105263,
      0.2921052631578947,
      0.002631578947368421,
      0.002631578947368421,
      0.002631578947368421
    ],
    [
      0.0024390243902439024,
      0.41707317073170735,
      0.12439024390243901,
      0.0024390243902439024,
      0.0024390243902439024,
      0.12439024390243901,
      0.051219512195121955,
      0.22195121951219512,
      0.051219512195121955,
      0.0024390243902439024
    ],
    [
      0.0058823529411764705,
      0.06470588235294118,
      0.24117647058823527,
      0.24117647058823527,
      0.41764705882352937,
      0.0058823529411764705,
      0.0058823529411764705,
      0.0058823529411764705,
      0.0058823529411764705,
      0.0058823529411764705
    ],
    [
      0.004347826086956522,
      0.004347826086956522,
      0.004347826086956522,
      0.004347826086956522,
      0.30869565217391304,
      0.004347826086956522,
      0.4826086956521739,
      0.004347826086956522,
      0.004347826086956522,
      0.1782608695652174
    ],
    [
      0.0017857142857142859,
      0.019642857142857146,
      0.37678571428571433,
      0.2517857142857143,
      0.05535714285714286,
      0.28750000000000003,
      0.0017857142857142859,
      0.0017857142857142859,
      0.0017857142857142859,
      0.0017857142857142859
    ],
    [
      0.0020408163265306124,
      0.12448979591836734,
      0.0020408163265306124,
      0.0020408163265306124,
      0.04285714285714286,
      0.14489795918367346,
      0.2673469387755102,
      0.0020408163265306124,
      0.0020408163265306124,
      0.4102040816326531
    ],
    [
      0.01,
      0.01,
      0.11000000000000001,
      0.01,
      0.11000000000000001,
      0.01,
      0.11000000000000001,
      0.61,
      0.01,
      0.01
    ],
    [
      0.06470588235294118,
      0.0058823529411764705,
      0.06470588235294118,
      0.12352941176470589,
      0.0058823529411764705,
      0.0058823529411764705,
      0.0058823529411764705,
      0.0058823529411764705,
      0.0058823529411764705,
      0.711764705882353
    ],
    [
      0.0025,
      0.027500000000000004,
      0.0025,
      0.6525000000000001,
      0.22749999999999998,
      0.0025,
      0.0025,
      0.0025,
      0.0025,
      0.0775
    ],
    [
      0.0038461538461538464,
      0.0038461538461538464,
      0.11923076923076924,
      0.0038461538461538464,
      0.0038461538461538464,
      0.0038461538461538464,
      0.4269230769230769,
      0.0038461538461538464,
      0.0038461538461538464,
      0.4269230769230769
    ],
    [
      0.004545454545454546,
      0.004545454545454546,
      0.004545454545454546,
      0.004545454545454546,
      0.36818181818181817,
      0.004545454545454546,
      0.5499999999999999,
      0.05,
      0.004545454545454546,
      0.004545454545454546
    ],
    [
      0.0029411764705882353,
      0.5911764705882353,
      0.3558823529411765,
      0.0029411764705882353,
      0.03235294117647059,
      0.0029411764705882353,
      0.0029411764705882353,
      0.0029411764705882353,
      0.0029411764705882353,
      0.0029411764705882353
    ],
    [
      0.003703703703703704,
      0.15185185185185185,
      0.26296296296296295,
      0.003703703703703704,
      0.07777777777777778,
      0.040740740740740744,
      0.003703703703703704,
      0.44814814814814813,
      0.003703703703703704,
      0.003703703703703704
    ],
    [
      0.002702702702702703,
      0.2189189189189189,
      0.002702702702702703,
      0.16486486486486485,
      0.3810810810810811,
      0.002702702702702703,
      0.002702702702702703,
      0.002702702702702703,
      0.002702702702702703,
      0.2189189189189189
    ],
    [
      0.12222222222222223,
      0.011111111111111112,
      0.011111111111111112,
      0.23333333333333334,
      0.12222222222222223,
      0.011111111111111112,
      0.12222222222222223,
      0.34444444444444444,
      0.011111111111111112,
      0.011111111111111112
    ],
    [
      0.0953125,
      0.0953125,
      0.0015625,
      0.2671875,
      0.0796875,
      0.0484375,
      0.2984375,
      0.0015625,
      0.0015625,
      0.1109375
    ],
    [
      0.004166666666666667,
      0.004166666666666667,
      0.004166666666666667,
      0.12916666666666668,
      0.004166666666666667,
      0.004166666666666667,
      0.5458333333333333,
      0.12916666666666668,
      0.1708333333333333,
      0.004166666666666667
    ],
    [
      0.0032258064516129032,
      0.0032258064516129032,
      0.132258064516129,
      0.0032258064516129032,
      0.29354838709677417,
      0.0032258064516129032,
      0.0032258064516129032,
      0.035483870967741936,
      0.0032258064516129032,
      0.5193548387096775
    ],
    [
      0.14415584415584415,
      0.6636363636363637,
      0.027272727272727275,
      0.0012987012987012987,
      0.027272727272727275,
      0.0012987012987012987,
      0.0012987012987012987,
      0.13116883116883116,
      0.0012987012987012987,
      0.0012987012987012987
    ],
    [
      0.00196078431372549,
      0.00196078431372549,
      0.5313725490196078,
      0.021568627450980395,
      0.00196078431372549,
      0.31568627450980397,
      0.00196078431372549,
      0.00196078431372549,
      0.00196078431372549,
      0.1196078431372549
    ],
    [
      0.004761904761904762,
      0.004761904761904762,
      0.004761904761904762,
      0.4809523809523809,
      0.004761904761904762,
      0.004761904761904762,
      0.004761904761904762,
      0.004761904761904762,
      0.004761904761904762,
      0.4809523809523809
    ],
    [
      0.0058823529411764705,
      0.0058823529411764705,
      0.0058823529411764705,
      0.0058823529411764705,
      0.0058823529411764705,
      0.5352941176470588,
      0.0058823529411764705,
      0.0058823529411764705,
      0.3,
      0.12352941176470589
    ],
    [
      0.0024390243902439024,
      0.17317073170731706,
      0.0024390243902439024,
      0.0024390243902439024,
      0.49024390243902444,
      0.0024390243902439024,
      0.09999999999999999,
      0.051219512195121955,
      0.0024390243902439024,
      0.17317073170731706
    ],
    [
      0.007692307692307693,
      0.007692307692307693,
      0.5461538461538461,
      0.007692307692307693,
      0.007692307692307693,
      0.007692307692307693,
      0.007692307692307693,
      0.3923076923076923,
      0.007692307692307693,
      0.007692307692307693
    ],
    [
      0.1464285714285714,
      0.28928571428571426,
      0.0035714285714285718,
      0.11071428571428572,
      0.0035714285714285718,
      0.4321428571428571,
      0.0035714285714285718,
      0.0035714285714285718,
      0.0035714285714285718,
      0.0035714285714285718
    ],
    [
      0.07241379310344828,
      0.03793103448275863,
      0.003448275862068966,
      0.003448275862068966,
      0.41724137931034483,
      0.003448275862068966,
      0.003448275862068966,
      0.003448275862068966,
      0.003448275862068966,
      0.4517241379310345
    ],
    [
      0.01,
      0.01,
      0.01,
      0.11000000000000001,
      0.31,
      0.01,
      0.21000000000000002,
      0.31,
      0.01,
      0.01
    ],
    [
      0.05,
      0.004545454545454546,
      0.004545454545454546,
      0.1409090909090909,
      0.05,
      0.004545454545454546,
      0.7318181818181819,
      0.004545454545454546,
      0.004545454545454546,
      0.004545454545454546
    ],
    [
      0.1952380952380952,
      0.004761904761904762,
      0.004761904761904762,
      0.004761904761904762,
      0.14761904761904762,
      0.05238095238095238,
      0.004761904761904762,
      0.5285714285714286,
      0.05238095238095238,
      0.004761904761904762
    ],
    [
      0.003703703703703704,
      0.37407407407407406,
      0.040740740740740744,
      0.040740740740740744,
      0.18888888888888888,
      0.003703703703703704,
      0.040740740740740744,
      0.003703703703703704,
      0.003703703703703704,
      0.3
    ],
    [
      0.024444444444444446,
      0.024444444444444446,
      0.2688888888888889,
      0.024444444444444446,
      0.18,
      0.0022222222222222222,
      0.0022222222222222222,
      0.0022222222222222222,
      0.24666666666666665,
      0.22444444444444445
    ],
    [
      0.0035714285714285718,
      0.0035714285714285718,
      0.0035714285714285718,
      0.0035714285714285718,
      0.1464285714285714,
      0.0035714285714285718,
      0.1464285714285714,
      0.03928571428571429,
      0.6107142857142858,
      0.03928571428571429
    ],
    [
      0.37105263157894736,
      0.16052631578947368,
      0.16052631578947368,
      0.002631578947368421,
      0.08157894736842106,
      0.002631578947368421,
      0.002631578947368421,
      0.2131578947368421,
      0.002631578947368421,
      0.002631578947368421
    ],
    [
      0.011111111111111112,
      0.011111111111111112,
      0.011111111111111112,
      0.011111111111111112,
      0.011111111111111112,
      0.011111111111111112,
      0.5666666666666667,
      0.34444444444444444,
      0.011111111111111112,
      0.011111111111111112
    ],
    [
      0.3,
      0.0058823529411764705,
      0.0058823529411764705,
      0.0058823529411764705,
      0.41764705882352937,
      0.06470588235294118,
      0.0058823529411764705,
      0.12352941176470589,
      0.06470588235294118,
      0.0058823529411764705
    ],
    [
      0.005555555555555556,
      0.005555555555555556,
      0.005555555555555556,
      0.005555555555555556,
      0.8388888888888889,
      0.061111111111111116,
      0.061111111111111116,
      0.005555555555555556,
      0.005555555555555556,
      0.005555555555555556
    ],
    [
      0.32083333333333336,
      0.16805555555555554,
      0.12638888888888888,
      0.12638888888888888,
      0.001388888888888889,
      0.19583333333333333,
      0.015277777777777779,
      0.001388888888888889,
      0.043055555555555555,
      0.001388888888888889
    ],
    [
      0.002777777777777778,
      0.002777777777777778,
      0.5583333333333333,
      0.39166666666666666,
      0.002777777777777778,
      0.002777777777777778,
      0.002777777777777778,
      0.030555555555555558,
      0.002777777777777778,
      0.002777777777777778
    ],
    [
      0.002631578947368421,
      0.1868421052631579,
      0.002631578947368421,
      0.002631578947368421,
      0.6342105263157896,
      0.05526315789473685,
      0.002631578947368421,
      0.10789473684210525,
      0.002631578947368421,
      0.002631578947368421
    ],
    [
      0.008333333333333333,
      0.3416666666666666,
      0.008333333333333333,
      0.008333333333333333,
      0.008333333333333333,
      0.09166666666666667,
      0.008333333333333333,
      0.008333333333333333,
      0.008333333333333333,
      0.5083333333333333
    ],
    [
      0.0022222222222222222,
      0.0022222222222222222,
      0.0022222222222222222,
      0.0022222222222222222,
      0.3577777777777778,
      0.0022222222222222222,
      0.06888888888888889,
      0.0022222222222222222,
      0.3577777777777778,
      0.20222222222222222
    ],
    [
      0.7772727272727273,
      0.004545454545454546,
      0.004545454545454546,
      0.004545454545454546,
      0.18636363636363634,
      0.004545454545454546,
      0.004545454545454546,
      0.004545454545454546,
      0.004545454545454546,
      0.004545454545454546
    ],
    [
      0.004166666666666667,
      0.04583333333333334,
      0.2125,
      0.004166666666666667,
      0.42083333333333334,
      0.004166666666666667,
      0.29583333333333334,
      0.004166666666666667,
      0.004166666666666667,
      0.004166666666666667
    ],
    [
      0.0030303030303030303,
      0.03333333333333333,
      0.27575757575757576,
      0.0030303030303030303,
      0.36666666666666664,
      0.0030303030303030303,
      0.12424242424242424,
      0.0030303030303030303,
      0.0030303030303030303,
      0.18484848484848485
    ],
    [
      0.06363636363636364,
      0.0030303030303030303,
      0.33636363636363636,
      0.12424242424242424,
      0.0030303030303030303,
      0.4575757575757576,
      0.0030303030303030303,
      0.0030303030303030303,
      0.0030303030303030303,
      0.0030303030303030303
    ],
    [
      0.06875,
      0.00625,
      0.19375,
      0.50625,
      0.00625,
      0.00625,
      0.00625,
      0.00625,
      0.00625,
      0.19375
    ],
    [
      0.22777777777777775,
      0.7277777777777777,
      0.005555555555555556,
      0.005555555555555556,
      0.005555555555555556,
      0.005555555555555556,
      0.005555555555555556,
      0.005555555555555556,
      0.005555555555555556,
      0.005555555555555556
    ],
    [
      0.001851851851851852,
      0.05740740740740741,
      0.001851851851851852,
      0.001851851851851852,
      0.5203703703703704,
      0.001851851851851852,
      0.40925925925925927,
      0.001851851851851852,
      0.001851851851851852,
      0.001851851851851852
    ],
    [
      0.002272727272727273,
      0.002272727272727273,
      0.07045454545454545,
      0.5477272727272727,
      0.002272727272727273,
      0.002272727272727273,
      0.1159090909090909,
      0.002272727272727273,
      0.002272727272727273,
      0.25227272727272726
    ],
    [
      0.002777777777777778,
      0.002777777777777778,
      0.002777777777777778,
      0.002777777777777778,
      0.058333333333333334,
      0.7250000000000001,
      0.002777777777777778,
      0.14166666666666666,
      0.058333333333333334,
      0.002777777777777778
    ],
    [
      0.3666666666666667,
      0.11269841269841269,
      0.17619047619047618,
      0.0015873015873015873,
      0.0015873015873015873,
      0.0015873015873015873,
      0.0015873015873015873,
      0.0015873015873015873,
      0.23968253968253966,
      0.09682539682539681
    ],
    [
      0.005263157894736842,
      0.005263157894736842,
      0.005263157894736842,
      0.005263157894736842,
      0.1631578947368421,
      0.05789473684210527,
      0.531578947368421,
      0.005263157894736842,
      0.005263157894736842,
      0.2157894736842105
    ],
    [
      0.003125,
      0.596875,
      0.003125,
      0.315625,
      0.003125,
      0.003125,
      0.003125,
      0.065625,
      0.003125,
      0.003125
    ],
    [
      0.12583333333333332,
      0.7841666666666666,
      0.0008333333333333334,
      0.034166666666666665,
      0.0008333333333333334,
      0.0008333333333333334,
      0.0008333333333333334,
      0.05083333333333333,
      0.0008333333333333334,
      0.0008333333333333334
    ],
    [
      0.005555555555555556,
      0.5055555555555555,
      0.005555555555555556,
      0.33888888888888885,
      0.005555555555555556,
      0.005555555555555556,
      0.005555555555555556,
      0.11666666666666667,
      0.005555555555555556,
      0.005555555555555556
    ],
    [
      0.22749999999999998,
      0.3525,
      0.027500000000000004,
      0.0025,
      0.027500000000000004,
      0.052500000000000005,
      0.1275,
      0.027500000000000004,
      0.1525,
      0.0025
    ],
    [
      0.0010309278350515464,
      0.011340206185567012,
      0.20721649484536084,
      0.13505154639175257,
      0.0010309278350515464,
      0.021649484536082474,
      0.1865979381443299,
      0.0010309278350515464,
      0.011340206185567012,
      0.42371134020618556
    ],
    [
      0.004166666666666667,
      0.004166666666666667,
      0.004166666666666667,
      0.004166666666666667,
      0.004166666666666667,
      0.004166666666666667,
      0.6291666666666667,
      0.004166666666666667,
      0.004166666666666667,
      0.33749999999999997
    ],
    [
      0.18636363636363634,
      0.004545454545454546,
      0.004545454545454546,
      0.004545454545454546,
      0.2772727272727273,
      0.05,
      0.004545454545454546,
      0.004545454545454546,
      0.004545454545454546,
      0.45909090909090905
    ],
    [
      0.03620689655172414,
      0.018965517241379314,
      0.001724137931034483,
      0.12241379310344827,
      0.001724137931034483,
      0.001724137931034483,
      0.8120689655172414,
      0.001724137931034483,
      0.001724137931034483,
      0.001724137931034483
    ],
    [
      0.025,
      0.275,
      0.525,
      0.025,
      0.025,
      0.025,
      0.025,
      0.025,
      0.025,
      0.025
    ],
    [
      0.006666666666666667,
      0.006666666666666667,
      0.006666666666666667,
      0.006666666666666667,
      0.006666666666666667,
      0.006666666666666667,
      0.07333333333333333,
      0.006666666666666667,
      0.006666666666666667,
      0.8733333333333333
    ],
    [
      0.0016949152542372883,
      0.01864406779661017,
      0.1542372881355932,
      0.0016949152542372883,
      0.0016949152542372883,
      0.3745762711864407,
      0.01864406779661017,
      0.0016949152542372883,
      0.42542372881355933,
      0.0016949152542372883
    ],
    [
      0.002380952380952381,
      0.002380952380952381,
      0.07380952380952381,
      0.430952380952381,
      0.19285714285714284,
      0.002380952380952381,
      0.12142857142857141,
      0.16904761904761903,
      0.002380952380952381,
      0.002380952380952381
    ],
    [
      0.004545454545454546,
      0.18636363636363634,
      0.5045454545454545,
      0.05,
      0.004545454545454546,
      0.05,
      0.004545454545454546,
      0.18636363636363634,
      0.004545454545454546,
      0.004545454545454546
    ],
    [
      0.005555555555555556,
      0.005555555555555556,
      0.005555555555555556,
      0.005555555555555556,
      0.061111111111111116,
      0.005555555555555556,
      0.39444444444444443,
      0.005555555555555556,
      0.005555555555555556,
      0.5055555555555555
    ],
    [
      0.007692307692307693,
      0.007692307692307693,
      0.007692307692307693,
      0.007692307692307693,
      0.007692307692307693,
      0.007692307692307693,
      0.08461538461538462,
      0.007692307692307693,
      0.8538461538461538,
      0.007692307692307693
    ],
    [
      0.001724137931034483,
      0.001724137931034483,
      0.001724137931034483,
      0.001724137931034483,
      0.17413793103448275,
      0.5189655172413793,
      0.018965517241379314,
      0.001724137931034483,
      0.10517241379310344,
      0.17413793103448275
    ],
    [
      0.01,
      0.01,
      0.01,
      0.01,
      0.01,
      0.21000000000000002,
      0.01,
      0.01,
      0.01,
      0.71
    ],
    [
      0.0125,
      0.0125,
      0.0125,
      0.5125,
      0.1375,
      0.0125,
      0.2625,
      0.0125,
      0.0125,
      0.0125
    ],
    [
      0.006666666666666667,
      0.2733333333333333,
      0.006666666666666667,
      0.20666666666666667,
      0.006666666666666667,
      0.006666666666666667,
      0.47333333333333333,
      0.006666666666666667,
      0.006666666666666667,
      0.006666666666666667
    ],
    [
      0.005555555555555556,
      0.005555555555555556,
      0.6166666666666667,
      0.005555555555555556,
      0.005555555555555556,
      0.005555555555555556,
      0.005555555555555556,
      0.33888888888888885,
      0.005555555555555556,
      0.005555555555555556
    ],
    [
      0.006666666666666667,
      0.07333333333333333,
      0.47333333333333333,
      0.006666666666666667,
      0.006666666666666667,
      0.07333333333333333,
      0.006666666666666667,
      0.20666666666666667,
      0.006666666666666667,
      0.14
    ],
    [
      0.005555555555555556,
      0.005555555555555556,
      0.005555555555555556,
      0.005555555555555556,
      0.005555555555555556,
      0.5611111111111111,
      0.005555555555555556,
      0.005555555555555556,
      0.22777777777777775,
      0.17222222222222222
    ],
    [
      0.10412371134020618,
      0.0010309278350515464,
      0.3,
      0.0010309278350515464,
      0.0010309278350515464,
      0.14536082474226802,
      0.0010309278350515464,
      0.0422680412371134,
      0.2690721649484536,
      0.13505154639175257
    ],
    [
      0.02,
      0.02,
      0.02,
      0.02,
      0.02,
      0.82,
      0.02,
      0.02,
      0.02,
      0.02
    ],
    [
      0.008333333333333333,
